t_host_s,frame_number,vicon_frame_rate_hz,vicon_latency_s,estimator_dt_s,estimator_dt_source,estimator_frame_delta,estimator_frame_rate_hz,estimator_body_rate_limited,estimator_rate_confidence,estimator_rate_window_frames,estimator_spike_rejected,estimator_observer_mode,estimator_raw_body_rate_norm_rad_s,estimator_body_rate_residual_norm_rad_s,estimator_attitude_transform_applied,estimator_surface_command_delay_s,estimator_surface_command_history_count,x_w,y_w,z_w,phi,theta,psi,u,v,w,p,q,r,delta_a,delta_e,delta_r,safe,reason,min_margin_m,floor_margin_m,ceiling_margin_m,exit_gate_inside,exit_gate_reason,exit_gate_x_w_m,exit_gate_y_w_m,exit_gate_z_w_m,exit_gate_min_margin_m,exit_gate_floor_margin_m,exit_gate_ceiling_margin_m
164658.7900172,2858345,200.0,0.014314517499157851,0.005,vicon_frame_time,1,200.0,False,0.95,7,False,so3_window,1.0169433261553618,0.32447593950388864,True,0.073,256,1.2914885786240964,2.0092661101583835,1.4403483295249904,0.13884571090672138,0.031527061879067286,0.0023644958458892695,5.672689605090345,0.6507020016419298,0.44045866686490764,0.5946182270961811,0.5961139239968104,0.10249534245407502,0.0,0.0,0.0,True,safe,0.09148857862409643,1.0403483295249902,2.0596516704750094,True,inside_operational_region,1.2914885786240964,2.0092661101583835,1.4403483295249904,0.09148857862409643,1.0403483295249902,2.0596516704750094
164658.7968361,2858346,200.0,0.01455380250028396,0.005,vicon_frame_time,1,200.0,False,0.95,7,False,so3_window,1.0504225765201636,0.3394729702625164,True,0.073,256,1.3197653070698703,2.0119969017473953,1.4384183444334506,0.142252177099917,0.03549130451642002,0.0019508928049454255,5.663388892685617,0.6477461919816976,0.4700481579731271,0.6095264866741111,0.6256711551569715,0.05325611548529688,0.0,0.0,0.0,True,safe,0.11976530706987032,1.0384183444334507,2.0615816555665494,True,inside_operational_region,1.3197653070698703,2.0119969017473953,1.4384183444334506,0.11976530706987032,1.0384183444334507,2.0615816555665494
164658.8028995,2858347,200.0,0.016052802500251016,0.005,vicon_frame_time,1,200.0,False,0.95,7,False,so3_window,1.2236320724892884,0.4271727195516387,True,0.073,256,1.3478776469349816,2.014954120007568,1.4364574569504318,0.1456651238238007,0.04043166099712625,0.0009000140911346044,5.647202478510867,0.6616936745415348,0.5019207553913918,0.623033447425168,0.679348465254549,-0.013890085452345283,0.0,0.0,0.0,True,safe,0.14787764693498162,1.0364574569504317,2.063542543049568,True,inside_operational_region,1.3478776469349816,2.014954120007568,1.4364574569504318,0.14787764693498162,1.0364574569504317,2.063542543049568
164658.8089511,2858348,200.0,0.014579540000243052,0.005,vicon_frame_time,1,200.0,False,0.95,7,False,so3_window,1.17913401841771,0.3056316504942877,True,0.073,256,1.3760249767350117,2.017687088780167,1.4345474514470238,0.14891620972452912,0.045125985598036156,-0.00043473410510452837,5.635285295605037,0.6664012163820314,0.529761663991372,0.6294668666819969,0.7143849956677779,-0.07851210657569066,0.0,0.0,0.0,True,safe,0.17602497673501172,1.0345474514470236,2.065452548552976,True,inside_operational_region,1.3760249767350117,2.017687088780167,1.4345474514470238,0.17602497673501172,1.0345474514470236,2.065452548552976
164658.8157721,2858350,200.0,0.014484815000530435,0.01,vicon_frame_time,2,200.0,False,0.95,7,False,so3_window,1.0470426963530184,0.07845844128222632,True,0.073,256,1.4322866460049988,2.023046646084697,1.430835448098886,0.15564039891850845,0.05294493734309391,-0.0019457925924530883,5.616808128192847,0.6688897872041889,0.5706073559254087,0.6443874878645047,0.724924554852216,-0.13459508917085378,0.0,0.0,0.0,True,safe,0.23228664600499882,1.0308354480988862,2.069164551901114,True,inside_operational_region,1.4322866460049988,2.023046646084697,1.430835448098886,0.23228664600499882,1.0308354480988862,2.069164551901114
164658.8219679,2858351,200.0,0.014997415000168476,0.005,vicon_frame_time,1,200.0,False,0.95,7,False,so3_window,0.9785011188273884,0.19615796829291812,True,0.073,256,1.460371270535084,2.0256862331241767,1.4290461943331707,0.15927750741134394,0.05622134083049479,-0.0016350363070718466,5.608613678893873,0.6643422196039901,0.5849656289584829,0.6576618954377615,0.7135875973635103,-0.11907237062194904,0.0,0.0,0.0,True,safe,0.260371270535084,1.0290461943331706,2.0709538056668295,True,inside_operational_region,1.460371270535084,2.0256862331241767,1.4290461943331707,0.260371270535084,1.0290461943331706,2.0709538056668295
164658.8284975,2858352,200.0,0.014459582498956895,0.005,vicon_frame_time,1,200.0,False,0.95,7,False,so3_window,0.9541404406152267,0.17365160651288927,True,0.073,256,1.4883768051391342,2.0283689478151103,1.427288762920407,0.16273768784985254,0.059511748097292205,-0.001429573463717304,5.5982430130180045,0.6637560230160215,0.597869975216496,0.6629949721627239,0.7040137229163361,-0.11006085477809416,0.0,0.0,0.0,True,safe,0.2883768051391342,1.0272887629204068,2.0727112370795933,True,inside_operational_region,1.4883768051391342,2.0283689478151103,1.427288762920407,0.2883768051391342,1.0272887629204068,2.0727112370795933
164658.8347383,2858353,200.0,0.01417292999955669,0.005,vicon_frame_time,1,200.0,False,0.95,7,False,so3_window,1.0249245130659272,0.21366329460667596,True,0.073,256,1.5163983485816952,2.0307908975767797,1.4256831166131159,0.16639994157314142,0.06307483535036962,-0.000753132793974487,5.590866132106639,0.6494828642348874,0.6085853582716472,0.6731900856945059,0.7075302532429284,-0.08897245998066337,0.0,0.0,0.0,True,safe,0.31639834858169524,1.025683116613116,2.074316883386884,True,inside_operational_region,1.5163983485816952,2.0307908975767797,1.4256831166131159,0.31639834858169524,1.025683116613116,2.074316883386884
164658.8436389,2858355,200.0,0.01482953499971944,0.01,vicon_frame_time,2,200.0,False,0.95,7,False,so3_window,1.1949480574917655,0.1914488825851605,True,0.073,256,1.572195915667011,2.0358524016228863,1.4222391056284702,0.17353855581117106,0.07264519422749949,-0.0009569744247523992,5.566276503775392,0.6518723614758026,0.6534290795467834,0.6856492775193016,0.7763556913878351,-0.11651629999539578,0.0,0.0,0.0,True,safe,0.37219591566701093,1.0222391056284703,2.0777608943715298,True,inside_operational_region,1.572195915667011,2.0358524016228863,1.4222391056284702,0.37219591566701093,1.0222391056284703,2.0777608943715298
164658.8487348,2858356,200.0,0.014322235000420446,0.005,vicon_frame_time,1,200.0,False,0.95,7,False,so3_window,1.1634819601678124,0.21677181786054753,True,0.073,256,1.5999626396761037,2.038281958386754,1.4206544150622524,0.17695134664224943,0.07716505417642239,-0.0020548079259485874,5.550921081248242,0.654786695427334,0.6681694401704584,0.6878725398819359,0.7889558112087951,-0.15929966306248816,0.0,0.0,0.0,True,safe,0.3999626396761038,1.0206544150622525,2.0793455849377476,True,inside_operational_region,1.5999626396761037,2.038281958386754,1.4206544150622524,0.3999626396761038,1.0206544150622525,2.0793455849377476
164658.8528575,2858357,200.0,0.013875332500493484,0.005,vicon_frame_time,1,200.0,False,0.95,7,False,so3_window,1.17247287458606,0.24136798525807449,True,0.073,256,1.6277330639148877,2.0405226798851475,1.4191299239023718,0.18031674582293755,0.08174511884669355,-0.0032491241288887807,5.538350977835242,0.6517712767567466,0.6834209546960517,0.6885667369534662,0.8006517675944039,-0.19893207172278438,0.0,0.0,0.0,True,safe,0.42773306391488775,1.019129923902372,2.080870076097628,True,inside_operational_region,1.6277330639148877,2.0405226798851475,1.4191299239023718,0.42773306391488775,1.019129923902372,2.080870076097628
164658.8572243,2858358,200.0,0.0141650250004424,0.005,vicon_frame_time,1,200.0,False,0.95,7,False,so3_window,1.1602558052025784,0.2715607844831119,True,0.073,256,1.6554428934263052,2.0427091815279823,1.4177381051006002,0.18320266337707913,0.08653705619241014,-0.004563024259345738,5.5252218212686035,0.6495136913328281,0.6957783184172692,0.673682748101749,0.816421857780386,-0.2375744807768929,0.0,0.0,0.0,True,safe,0.4554428934263053,1.0177381051006003,2.0822618948994,True,inside_operational_region,1.6554428934263052,2.0427091815279823,1.4177381051006002,0.4554428934263053,1.0177381051006003,2.0822618948994
164658.8624375,2858359,200.0,0.015457297500638515,0.005,vicon_frame_time,1,200.0,False,0.95,7,False,so3_window,1.0879885735722319,0.2433113832356945,True,0.073,256,1.6830892447782348,2.0448791171533136,1.4164371008316676,0.18548895522911613,0.09108738077565093,-0.006284176567616928,5.511566644222218,0.6509357105388014,0.7049568150057611,0.6426990809287424,0.8189841808937419,-0.281961197595812,0.0,0.0,0.0,True,safe,0.4830892447782349,1.0164371008316677,2.0835628991683324,True,inside_operational_region,1.6830892447782348,2.0448791171533136,1.4164371008316676,0.4830892447782349,1.0164371008316677,2.0835628991683324
164658.8670221,2858360,200.0,0.01476075500004773,0.005,vicon_frame_time,1,200.0,False,0.95,7,False,so3_window,1.102085881673939,0.20933878448795568,True,0.073,256,1.7106540566365536,2.0469820106025356,1.4151730690137974,0.1878471875482144,0.09573281908406495,-0.007873046301855258,5.4965105937908,0.6516215045759903,0.7159722071064409,0.6191291117517789,0.8248588036128239,-0.3155222284112917,0.0,0.0,0.0,True,safe,0.5106540566365536,1.0151730690137972,2.0848269309862024,True,inside_operational_region,1.7106540566365536,2.0469820106025356,1.4151730690137974,0.5106540566365536,1.0151730690137972,2.0848269309862024
164658.8709097,2858361,200.0,0.01431360999855645,0.005,vicon_frame_time,1,200.0,False,0.95,7,False,so3_window,0.9829558748388492,0.25400189868480955,True,0.073,256,1.7382497551128155,2.0490410322165595,1.4140293638463557,0.18959613734444192,0.10024861727226764,-0.008558141119856977,5.486259136270023,0.6471518056046683,0.7252597676984656,0.5764714000566624,0.8309729578046576,-0.3134978489945502,0.0,0.0,0.0,True,safe,0.5382497551128156,1.0140293638463556,2.085970636153644,True,inside_operational_region,1.7382497551128155,2.0490410322165595,1.4140293638463557,0.5382497551128156,1.0140293638463556,2.085970636153644
164658.8751813,2858362,200.0,0.014532460000107009,0.005,vicon_frame_time,1,200.0,False,0.95,7,False,so3_window,0.9162538209167934,0.1786909707355631,True,0.073,256,1.7656559937147982,2.0511055871705093,1.4130223345246757,0.1912628763772446,0.10437565767847623,-0.009486331786252133,5.469858605961026,0.6455394236990357,0.7282952596605671,0.5391090087285862,0.8217325880522427,-0.3175089044407942,0.0,0.0,0.0,True,safe,0.5656559937147982,1.0130223345246758,2.0869776654753243,True,inside_operational_region,1.7656559937147982,2.0511055871705093,1.4130223345246757,0.5656559937147982,1.0130223345246758,2.0869776654753243
164658.8807424,2858363,200.0,0.014860659999892292,0.005,vicon_frame_time,1,200.0,False,0.95,7,False,so3_window,1.2554923338457116,0.22387988597848543,True,0.073,256,1.792993844709366,2.0531092397689483,1.4120745054979793,0.19419404703600351,0.10985231029065234,-0.010131744176947954,5.452568444968378,0.6441718456968316,0.7393884577988282,0.5492634316543369,0.8598570016435609,-0.32055150036403335,0.0,0.0,0.0,True,safe,0.5929938447093661,1.0120745054979792,2.087925494502021,True,inside_operational_region,1.792993844709366,2.0531092397689483,1.4120745054979793,0.5929938447093661,1.0120745054979792,2.087925494502021
164658.8861777,2858364,200.0,0.015694345000076042,0.005,vicon_frame_time,1,200.0,False,0.95,7,False,so3_window,1.148031383074485,0.17971629115393878,True,0.073,256,1.8203402795589487,2.054996638802898,1.411204007835539,0.1964296654626212,0.11511654250830494,-0.010430578630252985,5.439208982599234,0.6373418251382169,0.7512430246149697,0.5333573591680402,0.8867659361168421,-0.31089058794902585,0.0,0.0,0.0,True,safe,0.6203402795589488,1.011204007835539,2.088795992164461,True,inside_operational_region,1.8203402795589487,2.054996638802898,1.411204007835539,0.6203402795589488,1.011204007835539,2.088795992164461
164658.8909267,2858365,200.0,0.01555204500065132,0.005,vicon_frame_time,1,200.0,False,0.95,7,False,so3_window,1.3076686787271217,0.28063563589162227,True,0.073,256,1.8476108473671493,2.056965341475143,1.410302422780163,0.19924459258274352,0.12096886583823485,-0.010927532693409958,5.423630478176463,0.6398724936990647,0.7690128273908471,0.5402462715375839,0.9270125532297658,-0.3135469378900969,0.0,0.0,0.0,True,safe,0.6476108473671494,1.0103024227801631,2.089697577219837,True,inside_operational_region,1.8476108473671493,2.056965341475143,1.410302422780163,0.6476108473671494,1.0103024227801631,2.089697577219837
164658.8956746,2858366,200.0,0.01534253500032962,0.005,vicon_frame_time,1,200.0,False,0.95,7,False,so3_window,1.0970790857018127,0.005479074661456973,True,0.073,256,1.874851470058251,2.058752008482716,1.409580397236238,0.20144600634246013,0.12591736867103442,-0.011567046450910112,5.410790829406387,0.6341220592909911,0.7782422979626857,0.5262096719448558,0.9299513765705059,-0.31484732211341093,0.0,0.0,0.0,True,safe,0.6748514700582511,1.0095803972362378,2.0904196027637623,True,inside_operational_region,1.874851470058251,2.058752008482716,1.409580397236238,0.6748514700582511,1.0095803972362378,2.0904196027637623
164658.8998931,2858367,200.0,0.014134134999424234,0.005,vicon_frame_time,1,200.0,False,0.95,7,False,so3_window,0.8249359820914801,0.3098041278126686,True,0.073,256,1.9018909572032616,2.060461748183046,1.4090512962245945,0.20342743789773143,0.12935288454684768,-0.01247576325262889,5.39331171298681,0.6262086869620884,0.7738000143031902,0.5084105530828497,0.8810953874027945,-0.3148279134118979,0.0,0.0,0.0,True,safe,0.7018909572032617,1.0090512962245946,2.0909487037754055,True,inside_operational_region,1.9018909572032616,2.060461748183046,1.4090512962245945,0.7018909572032617,1.0090512962245946,2.0909487037754055
164658.9045168,2858368,200.0,0.014258757500626523,0.005,vicon_frame_time,1,200.0,False,0.95,7,False,so3_window,1.1865309945682483,0.12568180133167323,True,0.073,256,1.9289575684591818,2.062068958916035,1.4084970543839723,0.20540759606419323,0.13476146063786887,-0.013660942989969005,5.378261696288734,0.6217096146780999,0.7860546038216384,0.4948818554786506,0.902829588074906,-0.33730177424093344,0.0,0.0,0.0,True,safe,0.7289575684591818,1.0084970543839722,2.0915029456160275,True,inside_operational_region,1.9289575684591818,2.062068958916035,1.4084970543839723,0.7289575684591818,1.0084970543839722,2.0915029456160275
164658.9097441,2858369,200.0,0.01435165750042608,0.005,vicon_frame_time,1,200.0,False,0.95,7,False,so3_window,1.1959361724196957,0.3945948032171666,True,0.073,256,1.9558795319419244,2.0636520554709996,1.4079606470899457,0.20828597055983478,0.13933919235272363,-0.0158504420926886,5.359461043072158,0.6249196845477762,0.7937358074275289,0.5183193341682262,0.8868471838075224,-0.3831831559244936,0.0,0.0,0.0,True,safe,0.7558795319419245,1.0079606470899458,2.0920393529100543,True,inside_operational_region,1.9558795319419244,2.0636520554709996,1.4079606470899457,0.7558795319419245,1.0079606470899458,2.0920393529100543
164658.9153525,2858370,200.0,0.014808387500354065,0.005,vicon_frame_time,1,200.0,False,0.95,7,False,so3_window,0.9812926002800885,0.26946685938205506,True,0.073,256,1.9828175755128457,2.0651692260266614,1.4075056391388199,0.20930106950320226,0.1439001877205741,-0.01721076248704101,5.345388393467162,0.622126643389041,0.8032276245876581,0.472167415645712,0.8784653923609177,-0.39474838696268,0.0,0.0,0.0,True,safe,0.7828175755128457,1.0075056391388197,2.0924943608611803,True,inside_operational_region,1.9828175755128457,2.0651692260266614,1.4075056391388199,0.7828175755128457,1.0075056391388197,2.0924943608611803
164658.9208738,2858371,200.0,0.015405787499959906,0.005,vicon_frame_time,1,200.0,False,0.95,7,False,so3_window,1.4323624619642528,0.31300315472895013,True,0.073,256,2.009681724824098,2.0666254299754443,1.4070719109418541,0.21202415190988866,0.15004206645616014,-0.019324508384543027,5.32855672116541,0.6269711832168104,0.8208016243690198,0.4945610561086762,0.9176849737850653,-0.43992743122597144,-0.0070753596008348045,-0.052653838889933434,-0.01085985427104877,True,safe,0.8096817248240982,1.0070719109418542,2.092928089058146,True,inside_operational_region,2.009681724824098,2.0666254299754443,1.4070719109418541,0.8096817248240982,1.0070719109418542,2.092928089058146
164658.9257715,2858372,200.0,0.015567092500026938,0.005,vicon_frame_time,1,200.0,False,0.95,7,False,so3_window,1.4433552097805673,0.4208491684410397,True,0.073,256,2.0363767450408274,2.0680173953358607,1.4067556428334114,0.21569316056593868,0.15557227913398464,-0.021655486813512148,5.307890756418668,0.632212439188274,0.8309223312590998,0.5462633561970724,0.9285808509886065,-0.48077566349847906,-0.013483680224487716,-0.10034366678688533,-0.020695881274795103,True,safe,0.8363767450408275,1.0067556428334115,2.0932443571665886,True,inside_operational_region,2.0363767450408274,2.0680173953358607,1.4067556428334114,0.8363767450408275,1.0067556428334115,2.0932443571665886
164658.9308111,2858373,200.0,0.01546749250014198,0.005,vicon_frame_time,1,200.0,False,0.95,7,False,so3_window,1.1889957766300965,0.0,True,0.073,256,2.0630752317950627,2.0692870246475206,1.4065797246701877,0.21838819525665754,0.16051382915278722,-0.023191065278509004,5.2926354407382465,0.6287839911119837,0.837615601865332,0.5531100217968794,0.9237859973887893,-0.4854793501706224,-0.019287847861520595,-0.1435374724578277,-0.029604603694426964,True,safe,0.8630752317950627,1.0065797246701877,2.0934202753298123,True,inside_operational_region,2.0630752317950627,2.0692870246475206,1.4065797246701877,0.8630752317950627,1.0065797246701877,2.0934202753298123
164658.9353396,2858374,200.0,0.014876242500835303,0.005,vicon_frame_time,1,200.0,False,0.95,7,False,so3_window,1.1224965432872982,0.20759758499406142,True,0.073,256,2.0897103085975504,2.070495838730412,1.4064486826666458,0.2213161735870366,0.16522621460643538,-0.023688790396382053,5.277904787771781,0.6209388255998808,0.845832843924744,0.5612147034162406,0.9195497502221249,-0.4547987199300657,-0.024544819841735996,-0.18265912440361673,-0.03767344440824595,True,safe,0.8897103085975504,1.0064486826666457,2.093551317333354,True,inside_operational_region,2.0897103085975504,2.070495838730412,1.4064486826666458,0.8897103085975504,1.0064486826666457,2.093551317333354
164658.9394928,2858375,200.0,0.014349042499165023,0.005,vicon_frame_time,1,200.0,False,0.95,7,False,so3_window,0.8404614444625547,0.402406065306618,True,0.073,256,2.1161800019529897,2.0717704179810963,1.4064450166307345,0.22274295511671083,0.16908207898144845,-0.024352708390776634,5.259831091977312,0.6169527786697399,0.8460746743642782,0.5189183427007571,0.8868582808916792,-0.42858753605181976,-0.02223082416575457,-0.20756176257802728,-0.03412173011487911,True,safe,0.9161800019529898,1.0064450166307344,2.0935549833692653,True,inside_operational_region,2.1161800019529897,2.0717704179810963,1.4064450166307345,0.9161800019529898,1.0064450166307344,2.0935549833692653
164658.946148,2858376,200.0,0.014458514999899395,0.005,vicon_frame_time,1,200.0,True,0.5,7,True,so3_window_spike_downweighted,8.602733285088982,7.068134225361112,True,0.073,256,2.1425865618186837,2.073555516163504,1.4052994929821727,0.18410089964111576,0.18442146830088157,-0.018190794883897965,5.2236811213178385,0.5878873917367753,0.9848043019842798,0.5341241759795312,0.8897372463421473,-0.433917523331273,-0.020134983523013836,-0.23011667127519264,-0.0309048584306724,True,safe,0.9425865618186837,1.0052994929821728,2.0947005070178273,True,inside_operational_region,2.1425865618186837,2.073555516163504,1.4052994929821727,0.9425865618186837,1.0052994929821728,2.0947005070178273
164658.9524298,2858377,200.0,0.015681915000425848,0.005,vicon_frame_time,1,200.0,False,0.95,7,False,so3_window,1.0085788752241296,0.11722840686949863,True,0.073,256,2.1689201181967226,2.074616169852094,1.4054795625873182,0.18655857347765759,0.188759024308514,-0.018620370267375286,5.209096341855687,0.5711039201888785,0.9768779035326894,0.5296819543074297,0.8809637923669321,-0.4020689987387244,-0.018236731056357477,-0.2505451858275271,-0.027991261621385898,True,safe,0.9689201181967226,1.0054795625873183,2.094520437412682,True,inside_operational_region,2.1689201181967226,2.074616169852094,1.4054795625873182,0.9689201181967226,1.0054795625873183,2.094520437412682
164658.957083,2858378,200.0,0.015818154999964588,0.005,vicon_frame_time,1,200.0,False,0.95,7,False,so3_window,0.8145416322414498,0.3449700556016846,True,0.073,256,2.1951525610675717,2.075606612604317,1.405581634884371,0.18743899251093055,0.19264000639255308,-0.019335330957749974,5.192201872741883,0.5567985047511037,0.9765759487614234,0.47526368092539584,0.8568958659327558,-0.3820992140013663,-0.01651743887655948,-0.26904777488333603,-0.025352348043091298,True,safe,0.9951525610675718,1.0055816348843711,2.094418365115629,True,inside_operational_region,2.1951525610675717,2.075606612604317,1.405581634884371,0.9951525610675718,1.0055816348843711,2.094418365115629
164658.9609916,2858379,200.0,0.015642489998968886,0.005,vicon_frame_time,1,200.0,False,0.95,7,False,so3_window,1.1895067530941614,0.2859473265241216,True,0.073,256,2.2213112905373182,2.0766100880206855,1.405784900789944,0.19029632784492323,0.1972544840358026,-0.021276172826755424,5.174619005581084,0.5560387092249978,0.9766750894371504,0.5038310152261563,0.8532442536069652,-0.4096364265511784,-0.01496023526353256,-0.2436829365293858,-0.022962221567282535,True,safe,1.0057849007899438,1.0057849007899438,2.0942150992100563,True,inside_operational_region,2.2213112905373182,2.0766100880206855,1.405784900789944,1.0057849007899438,1.0057849007899438,2.0942150992100563
164658.9822203,2858380,200.0,0.031846389999587776,0.005,vicon_frame_time,1,200.0,False,0.95,7,False,so3_window,0.8591147455312267,0.15839898589665025,True,0.073,256,2.247447447185983,2.077421912012432,1.4060566850014589,0.191678185142949,0.20104684702263897,-0.02249783193638555,5.160734675871281,0.5443022984186106,0.9770236050238518,0.4739759832790274,0.8275718960291445,-0.40455137659162443,-0.013549839101136822,-0.22070940219198432,-0.020797427457558845,True,safe,1.0060566850014587,1.0060566850014587,2.0939433149985414,True,inside_operational_region,2.247447447185983,2.077421912012432,1.4060566850014589,1.0060566850014587,1.0060566850014587,2.0939433149985414
164658.9868774,2858383,200.0,0.020888590000355253,0.015,vicon_frame_time,3,200.0,False,0.95,7,False,so3_window,0.7810917690231816,0.2853738993346542,True,0.073,256,2.325212638619063,2.079571716740005,1.4070987107153015,0.19607339077282893,0.20988334496428873,-0.027978915950587435,5.112103608787663,0.52958803689051,0.9720399254767231,0.43171559036343277,0.7011130142335656,-0.42836582083009644,-0.01006749176150692,-0.1639864556080593,-0.015452429215336204,True,safe,1.0070987107153013,1.0070987107153013,2.0929012892846988,True,inside_operational_region,2.325212638619063,2.079571716740005,1.4070987107153015,1.0070987107153013,1.0070987107153013,2.0929012892846988
164658.990936,2858384,200.0,0.01700244749904381,0.005,vicon_frame_time,1,200.0,False,0.95,7,False,so3_window,0.5745813884644116,0.35937401954949455,True,0.073,256,2.3509359521215436,2.080180345745169,1.4074826510025058,0.19695714183945556,0.21213330486178927,-0.029357314338979368,5.093837167084457,0.5230035169728787,0.9708403482987082,0.39884318498585364,0.6490413998903769,-0.415677458707901,-0.00911836552817874,-0.15905718124096863,-0.013995630810692952,True,safe,1.0074826510025057,1.0074826510025057,2.092517348997494,True,inside_operational_region,2.3509359521215436,2.080180345745169,1.4074826510025058,1.0074826510025057,1.0074826510025057,2.092517348997494
164658.9949607,2858385,200.0,0.01590865000073167,0.005,vicon_frame_time,1,200.0,False,0.95,7,False,so3_window,0.48500191563134887,0.3870193271886164,True,0.073,256,2.376550794422056,2.080733964311811,1.4078424651163914,0.19760336063156636,0.21412096324605123,-0.030457951841958764,5.074551649673763,0.5156471661851343,0.9715967600556539,0.36166837948972846,0.5988074454974399,-0.39454546682359837,-0.008258719438279742,-0.15459262079904512,-0.012676174021545653,True,safe,1.0078424651163913,1.0078424651163913,2.092157534883609,True,inside_operational_region,2.376550794422056,2.080733964311811,1.4078424651163914,1.0078424651163913,1.0078424651163913,2.092157534883609
164658.9987793,2858386,200.0,0.015598312500101585,0.005,vicon_frame_time,1,200.0,False,0.95,7,False,so3_window,0.6288424745953075,0.2931087920481564,True,0.073,256,2.402143102791296,2.0813047137326937,1.4083417274285208,0.1999351297619283,0.21588914555165672,-0.03121344062943976,5.0597062212038155,0.5108511500366318,0.9661358029539241,0.38448981190277637,0.551924791346483,-0.36454359067445324,-0.007480117631766281,-0.15054896275625848,-0.011481110783641271,True,safe,1.0083417274285207,1.0083417274285207,2.091658272571479,True,inside_operational_region,2.402143102791296,2.0813047137326937,1.4083417274285208,1.0083417274285207,1.0083417274285207,2.091658272571479
164659.0011769,2858387,200.0,0.015499337500555162,0.005,vicon_frame_time,1,200.0,False,0.95,7,False,so3_window,0.49184630902859117,0.37632719637577894,True,0.073,256,2.4275732251983966,2.0818139527236843,1.4088855525235058,0.20199260723899304,0.21636901170227496,-0.03210601145923375,5.042508710234827,0.5043482803780868,0.9541947876016477,0.3953716530240955,0.46980640427916065,-0.33545326432779027,-0.006774919550568413,-0.12855640831315746,0.0004611405422693445,True,safe,1.0088855525235059,1.0088855525235059,2.091114447476494,True,inside_operational_region,2.4275732251983966,2.0818139527236843,1.4088855525235058,1.0088855525235059,1.0088855525235059,2.091114447476494
164659.0056683,2858388,200.0,0.015498620000005426,0.005,vicon_frame_time,1,200.0,False,0.95,7,False,so3_window,0.5385438828843021,0.16736962663072533,True,0.073,256,2.452980798279359,2.082233040532155,1.4091951023911329,0.20264071073258227,0.21878396023735736,-0.03297521606820686,5.023886414629379,0.49932905703006714,0.9658480766862138,0.3573324178749937,0.46467686577090295,-0.3234324877995196,-0.006136204960434002,-0.10863723131642854,0.011277520172733608,True,safe,1.009195102391133,1.009195102391133,2.090804897608867,True,inside_operational_region,2.452980798279359,2.082233040532155,1.4091951023911329,1.009195102391133,1.009195102391133,2.090804897608867
164659.0110939,2858389,200.0,0.01573872000016093,0.005,vicon_frame_time,1,200.0,False,0.95,7,False,so3_window,0.6287775210046634,0.4955255263957772,True,0.073,256,2.478291443445106,2.0824995587918136,1.4098945629096742,0.20535333227513952,0.21854191991818261,-0.03406409680007538,5.011287522882517,0.4870465615459991,0.9468972185038133,0.3960729848743491,0.3721478491252931,-0.30258874686836795,-0.005557706041438645,-0.0905959613378299,0.02107417116570718,True,safe,1.009894562909674,1.009894562909674,2.090105437090326,True,inside_operational_region,2.478291443445106,2.0824995587918136,1.4098945629096742,1.009894562909674,1.009894562909674,2.090105437090326
164659.015593,2858390,200.0,0.015375549999736924,0.005,vicon_frame_time,1,200.0,False,0.95,7,False,so3_window,0.5501979111977023,0.5164294041811596,True,0.073,256,2.503638320363697,2.082897341624304,1.4106305020712122,0.20775420017569557,0.21775175961819482,-0.03474841185791089,5.003876955359477,0.48173961899239376,0.9268523686322211,0.41502727109952503,0.2797729019212817,-0.2685505145546795,-0.0050337458807534615,-0.07425555618483914,0.029947229800577846,True,safe,1.010630502071212,1.010630502071212,2.0893694979287876,True,inside_operational_region,2.503638320363697,2.082897341624304,1.4106305020712122,1.010630502071212,1.010630502071212,2.0893694979287876
164659.0208671,2858391,200.0,0.014245849999644653,0.005,vicon_frame_time,1,200.0,False,0.95,7,False,so3_window,0.8377623003013078,0.545537745776493,True,0.073,256,2.5287458165345913,2.083007822568906,1.410726753866425,0.2079906298140446,0.22120769406807472,-0.03705265557410975,4.977386918852201,0.48145698050394403,0.9576764763227715,0.37045782665884863,0.3303929034185128,-0.32092058492889164,-0.004559182764089372,-0.05945566455411552,0.0379837689805814,True,safe,1.0107267538664249,1.0107267538664249,2.0892732461335752,True,inside_operational_region,2.5287458165345913,2.083007822568906,1.410726753866425,1.0107267538664249,1.0107267538664249,2.0892732461335752
164659.0252523,2858392,200.0,0.01438603250008447,0.005,vicon_frame_time,1,200.0,False,0.95,7,False,so3_window,0.4433433806907208,0.3125154124388451,True,0.073,256,2.5538316661182527,2.0831385123541475,1.4111242369378665,0.20852687398561276,0.22224720708007428,-0.038821416577131895,4.9604466006747465,0.47779547456885113,0.9602481952290829,0.33955416058488885,0.2973359559557687,-0.3308710462987829,-0.011204719319974677,-0.08544270569515924,0.0344027984236459,True,safe,1.0111242369378663,1.0111242369378663,2.0888757630621333,True,inside_operational_region,2.5538316661182527,2.0831385123541475,1.4111242369378665,1.0111242369378663,1.0111242369378663,2.0888757630621333
164659.0306458,2858393,200.0,0.015478832499326304,0.005,vicon_frame_time,1,200.0,False,0.95,7,False,so3_window,0.5230137800758088,0.23248872813357832,True,0.073,256,2.5788187384905523,2.083209541370787,1.4115411789713006,0.20990085301562544,0.22183442103174889,-0.04072608252744603,4.944439094147166,0.4740396901333008,0.9541320559863112,0.3427428008256308,0.22145466774804617,-0.33344806316997494,-0.017223739040370858,-0.10897978382080226,0.03115942864919712,True,safe,1.0115411789713007,1.0115411789713007,2.0884588210286994,True,inside_operational_region,2.5788187384905523,2.083209541370787,1.4115411789713006,1.0115411789713007,1.0115411789713007,2.0884588210286994
164659.0351329,2858394,200.0,0.01443793500161454,0.005,vicon_frame_time,1,200.0,False,0.95,7,False,so3_window,0.7368657455922571,0.3272155692585442,True,0.073,256,2.6038503303897818,2.083419640429305,1.412117553479715,0.2128268601567629,0.2209438563269388,-0.04223589308961895,4.935812210934186,0.47711337500915124,0.9380401644323026,0.3942059487963878,0.14521662572728888,-0.31965100185106,-0.022675307636804802,-0.1302978724668255,0.028221831892520567,True,safe,1.0121175534797149,1.0121175534797149,2.087882446520285,True,inside_operational_region,2.6038503303897818,2.083419640429305,1.412117553479715,1.0121175534797149,1.0121175534797149,2.087882446520285
164659.0401337,2858395,200.0,0.014877135000778516,0.005,vicon_frame_time,1,200.0,False,0.95,7,False,so3_window,0.5796597154092512,0.6944142592955871,True,0.073,256,2.6286693595312793,2.08330400196305,1.4121799052315331,0.2117559483132312,0.2232615552283752,-0.043863630274530774,4.912272170344827,0.47138985736756606,0.9641325849333837,0.3047558520163825,0.18538658490193027,-0.3343915222233595,-0.02053756272111819,-0.110214516610873,0.025561180993933712,True,safe,1.012179905231533,1.012179905231533,2.0878200947684666,True,inside_operational_region,2.6286693595312793,2.08330400196305,1.4121799052315331,1.012179905231533,1.012179905231533,2.0878200947684666
164659.0458865,2858396,200.0,0.015649395001631653,0.005,vicon_frame_time,1,200.0,False,0.95,7,False,so3_window,0.523250028394084,0.1855510841646904,True,0.073,256,2.6534559284821775,2.0832484446420376,1.4126184208221944,0.21364671105113997,0.22235124402592055,-0.04506313636353987,4.898974403506822,0.4653994916235745,0.9533587323898969,0.3258246435675681,0.11659387457220705,-0.3103693311564157,-0.01860135656282098,-0.09202454595430372,0.02315136651273857,True,safe,1.0126184208221942,1.0126184208221942,2.087381579177806,True,inside_operational_region,2.6534559284821775,2.0832484446420376,1.4126184208221944,1.0126184208221942,1.0126184208221942,2.087381579177806
164659.0515379,2858397,200.0,0.014901795000654253,0.005,vicon_frame_time,1,200.0,False,0.95,7,False,so3_window,0.637191524378475,0.520460928331736,True,0.073,256,2.67825241864775,2.0832323743555783,1.4132123307800615,0.2159055551398903,0.22012171225029098,-0.045135645889037956,4.892250363421938,0.4559619948380807,0.9314718421742454,0.34734665980941154,0.024044555760559153,-0.24510279587289474,-0.016847688826357687,-0.07554945907838284,0.02096874051063428,True,safe,1.0132123307800613,1.0132123307800613,2.0867876692199383,True,inside_operational_region,2.67825241864775,2.0832323743555783,1.4132123307800615,1.0132123307800613,1.0132123307800613,2.0867876692199383
164659.055529,2858398,200.0,0.01457528250154553,0.005,vicon_frame_time,1,200.0,False,0.95,7,False,so3_window,0.41264426144098365,0.5987903504190137,True,0.073,256,2.70278330296376,2.0830920440447227,1.41317610574801,0.2154467607606616,0.22184019154407508,-0.0462866036304872,4.865845043778785,0.45483074096022197,0.9562561245189227,0.2825686258058602,0.06798381701025691,-0.2530767286639312,-0.015259350458186762,-0.06842693290962898,0.018991884490290704,True,safe,1.01317610574801,1.01317610574801,2.08682389425199,True,inside_operational_region,2.70278330296376,2.0830920440447227,1.41317610574801,1.01317610574801,1.01317610574801,2.08682389425199
164659.0609185,2858399,200.0,0.015487679999834109,0.005,vicon_frame_time,1,200.0,False,0.95,7,False,so3_window,0.4390798212891801,0.24291872126955452,True,0.073,256,2.7273700581862776,2.0829649170933675,1.413479349344132,0.2169865353419942,0.22042885079969343,-0.046704553185177744,4.853943360828143,0.448199360408095,0.9481419560696903,0.2898557183376388,0.007785073608079861,-0.2140786490861506,-0.013820754811276039,-0.06197589240924967,0.017201399211822954,True,safe,1.013479349344132,1.013479349344132,2.086520650655868,True,inside_operational_region,2.7273700581862776,2.0829649170933675,1.413479349344132,1.013479349344132,1.013479349344132,2.086520650655868
164659.0653984,2858400,200.0,0.014607579999475456,0.005,vicon_frame_time,1,200.0,False,0.95,7,False,so3_window,0.5748026545194482,0.25428944810615794,True,0.073,256,2.7518989059664274,2.0828004477798023,1.4138822961602404,0.21908014383521612,0.21856098148012348,-0.04702046551703054,4.84398985554013,0.4402177467946015,0.9334803270303855,0.3136272982309802,-0.056526789605743914,-0.174963572882934,-0.012517784690561952,-0.056133032368931246,0.015579714324598563,True,safe,1.0138822961602405,1.0138822961602405,2.0861177038397596,True,inside_operational_region,2.7518989059664274,2.0828004477798023,1.4138822961602404,1.0138822961602405,1.0138822961602405,2.0861177038397596
164659.0693595,2858401,200.0,0.014179892498719059,0.005,vicon_frame_time,1,200.0,False,0.95,7,False,so3_window,0.42387387513017816,0.24119412018259664,True,0.073,256,2.776300801031211,2.082664696363689,1.413857647497791,0.22046893948428847,0.21886138197783067,-0.0483202396719431,4.824552909536333,0.44543381099252477,0.9459966562462443,0.31704989223481683,-0.04655314195099168,-0.18926302565500958,-0.011337653818402404,-0.05084101576343289,0.014110915946260287,True,safe,1.0138576474977912,1.0138576474977912,2.086142352502209,True,inside_operational_region,2.776300801031211,2.082664696363689,1.413857647497791,1.0138576474977912,1.0138576474977912,2.086142352502209
164659.0757713,2858402,200.0,0.015422792498571002,0.005,vicon_frame_time,1,200.0,False,0.95,7,False,so3_window,0.6024647625237836,0.17021199394075148,True,0.073,256,2.8006640815143204,2.082248126631634,1.4142503506651536,0.22208045602339288,0.21672238291372015,-0.049394369318677356,4.814769459613351,0.4314973588820473,0.9291410472082751,0.3256622189404205,-0.11603147952993378,-0.1761763283955639,-0.0102687813605591,-0.04604791109215548,0.01278059049696686,True,safe,1.0142503506651535,1.0142503506651535,2.085749649334846,True,inside_operational_region,2.8006640815143204,2.082248126631634,1.4142503506651536,1.0142503506651535,1.0142503506651535,2.085749649334846
164659.0804924,2858403,200.0,0.015194897500621099,0.005,vicon_frame_time,1,200.0,False,0.95,7,False,so3_window,0.3811211544611726,0.15272475082895137,True,0.073,256,2.8250252240742766,2.0819140402444534,1.4144272318843163,0.22310528466599244,0.2159857183986853,-0.05061894020621649,4.803814107120411,0.4288705415358777,0.928375969066379,0.31430824132413454,-0.12944426526101213,-0.18027675105722757,-0.009300678281410494,-0.06276821832205903,0.011575683256369288,True,safe,1.0144272318843162,1.0144272318843162,2.085572768115684,True,inside_operational_region,2.8250252240742766,2.0819140402444534,1.4144272318843163,1.0144272318843162,1.0144272318843162,2.085572768115684
164659.0849388,2858404,200.0,0.01462109750063735,0.005,vicon_frame_time,1,200.0,False,0.95,7,False,so3_window,0.4475284957717515,0.1764422074132023,True,0.073,256,2.849237016773154,2.0813602577274883,1.4144874228198239,0.22375729981645298,0.21534730734458662,-0.0525272918379569,4.788088440139283,0.42214980592643525,0.9323845334539258,0.2972694076670344,-0.14239057160011453,-0.20611008354080707,-0.008423844413178847,-0.07791219625394556,0.010484370255317144,True,safe,1.014487422819824,1.014487422819824,2.085512577180176,True,inside_operational_region,2.849237016773154,2.0813602577274883,1.4144874228198239,1.014487422819824,1.014487422819824,2.085512577180176
164659.0909093,2858405,200.0,0.015558442499312545,0.005,vicon_frame_time,1,200.0,False,0.95,7,False,so3_window,0.3394454151835817,0.1626295057314481,True,0.073,256,2.873428455041079,2.0809323786970992,1.4144423885345947,0.22431108493976026,0.21472586845607378,-0.05389292911899579,4.773868844509895,0.42260099609438695,0.9380431950947742,0.27589650334028165,-0.14873634469714206,-0.21051795387673508,-0.007629675229093384,-0.09162845543794558,0.009495942245145356,True,safe,1.0144423885345946,1.0144423885345946,2.085557611465405,True,inside_operational_region,2.873428455041079,2.0809323786970992,1.4144423885345947,1.0144423885345946,1.0144423885345946,2.085557611465405
164659.0955469,2858406,200.0,0.015350642499541604,0.005,vicon_frame_time,1,200.0,False,0.95,7,False,so3_window,0.544873731449949,0.28324892743503904,True,0.073,256,2.8975314195547996,2.0803814737432997,1.4145839900718578,0.22520482013944543,0.2125328557820465,-0.0550636045980446,4.762733609654231,0.4145538998363092,0.9268244849234802,0.267977644048894,-0.20371052010646085,-0.19631534453050412,-0.006910377405638022,-0.10405159596607153,0.00860069960591148,True,safe,1.0145839900718578,1.0145839900718578,2.0854160099281422,True,inside_operational_region,2.8975314195547996,2.0803814737432997,1.4145839900718578,1.0145839900718578,1.0145839900718578,2.0854160099281422
164659.0997535,2858407,200.0,0.014402449999892736,0.005,vicon_frame_time,1,200.0,False,0.95,7,False,so3_window,0.23910673718908046,0.3225177384111888,True,0.073,256,2.921532179380192,2.0798459809440306,1.4142699415203157,0.22490816200751507,0.21289802221185328,-0.056227083514824194,4.743215164371266,0.41536558269692525,0.9461272890234421,0.22161158485798424,-0.1663515402936826,-0.20326532743246456,-0.0062588923452809786,-0.10477276054888453,0.007789857162299284,True,safe,1.0142699415203156,1.0142699415203156,2.085730058479684,True,inside_operational_region,2.921532179380192,2.0798459809440306,1.4142699415203157,1.0142699415203156,1.0142699415203156,2.085730058479684
164659.1050351,2858408,200.0,0.014655149999584421,0.005,vicon_frame_time,1,200.0,False,0.95,7,False,so3_window,0.2942329161866583,0.21605096532266804,True,0.073,256,2.9454266207844797,2.079245382679759,1.414159172821778,0.22495070445934973,0.2116463284247625,-0.05699003927451063,4.727083540616646,0.40867589683996547,0.9452657755825229,0.19145105711549804,-0.18484418135357408,-0.18431586956550147,-0.005668826909201205,-0.10542593637736726,0.007055457973130146,True,safe,1.014159172821778,1.014159172821778,2.085840827178222,True,inside_operational_region,2.9454266207844797,2.079245382679759,1.414159172821778,1.014159172821778,1.014159172821778,2.085840827178222
164659.1096825,2858409,200.0,0.01450564499952456,0.005,vicon_frame_time,1,200.0,False,0.95,7,False,so3_window,0.3098591337028628,0.29556658762482985,True,0.073,256,2.9693369233784646,2.078677915614459,1.414028810510696,0.22489156346771066,0.21011821225365468,-0.057251082549841126,4.715589745017201,0.40292467111962593,0.9431072788833013,0.15939113441849692,-0.20558963009830175,-0.15052888186225466,-0.005134390680279552,-0.10601753318214927,0.0063902952484834324,True,safe,1.014028810510696,1.014028810510696,2.085971189489304,True,inside_operational_region,2.9693369233784646,2.078677915614459,1.414028810510696,1.014028810510696,1.014028810510696,2.085971189489304
164659.1148575,2858410,200.0,0.014543044998725276,0.005,vicon_frame_time,1,200.0,False,0.95,7,False,so3_window,0.39742091481806124,0.18528061030594328,True,0.073,256,2.9931431963081394,2.078051082112295,1.4138167728595263,0.22584486658760783,0.20840065258867346,-0.057412219723931734,4.702072715118096,0.39640272042695546,0.9418862153229252,0.16571879309888962,-0.2283040217599426,-0.11776661499449287,-0.0046503391407052485,-0.10655335640794324,0.005787841628184647,True,safe,1.0138167728595264,1.0138167728595264,2.0861832271404737,True,inside_operational_region,2.9931431963081394,2.078051082112295,1.4138167728595263,1.0138167728595264,1.0138167728595264,2.0861832271404737
164659.1208438,2858411,200.0,0.015433624998874265,0.005,vicon_frame_time,1,200.0,False,0.95,7,False,so3_window,0.5980659753203833,0.37513246049649773,True,0.073,256,3.016940572488367,2.077300626476797,1.413788536428714,0.22580285048482063,0.20541772386546597,-0.05721465196445363,4.694854591562415,0.38019584131754147,0.9275341976565787,0.13534416008588532,-0.285719238025717,-0.06959164748840671,-0.004211922206589425,-0.10703866418340706,0.005242185127658575,True,safe,1.0137885364287138,1.0137885364287138,2.086211463571286,True,inside_operational_region,3.016940572488367,2.077300626476797,1.413788536428714,1.0137885364287138,1.0137885364287138,2.086211463571286
164659.1258125,2858412,200.0,0.015529724999393337,0.005,vicon_frame_time,1,200.0,False,0.95,7,False,so3_window,0.17931737643928014,0.18697854125603502,True,0.073,256,3.04064466234212,2.0766920694887423,1.4133425558303723,0.22532235052887772,0.2046590184437611,-0.05722926722363697,4.679459876990751,0.3793753604882,0.9389938661223811,0.09686757840004581,-0.26285454378918954,-0.05280089569669128,-0.0038148376145466937,-0.14960129003204267,0.01560782539362145,True,safe,1.0133425558303721,1.0133425558303721,2.086657444169628,True,inside_operational_region,3.04064466234212,2.0766920694887423,1.4133425558303723,1.0133425558303721,1.0133425558303721,2.086657444169628
164659.1309782,2858413,200.0,0.015519787501168857,0.005,vicon_frame_time,1,200.0,False,0.95,7,False,so3_window,0.5843488184144344,0.2879312008458143,True,0.073,256,3.064244017163983,2.075876283088593,1.4131099130391167,0.2245504687669002,0.2018410848474539,-0.05754100270436435,4.667555140658486,0.36595800008997564,0.9298508426364136,0.05708929730403241,-0.3128825498077433,-0.03296994503141273,-0.0034551887028190123,-0.18815126747636257,0.02499623107775084,True,safe,1.0131099130391168,1.0131099130391168,2.0868900869608833,True,inside_operational_region,3.064244017163983,2.075876283088593,1.4131099130391167,1.0131099130391168,1.0131099130391168,2.0868900869608833
164659.1360016,2858414,200.0,0.015696287499074778,0.005,vicon_frame_time,1,200.0,False,0.95,7,False,so3_window,0.26738039885961656,0.24928675420791357,True,0.073,256,3.087848399925304,2.074952613234874,1.4125934895047434,0.22397742096253426,0.20113303513746583,-0.058640946586205445,4.654675742306021,0.3591850586699081,0.9417844829852487,0.03580945509978971,-0.2917340091490596,-0.057250800926491076,-0.0031294461726404906,-0.22306689430452295,0.0334995322755766,True,safe,1.0125934895047433,1.0125934895047433,2.0874065104952564,True,inside_operational_region,3.087848399925304,2.074952613234874,1.4125934895047434,1.0125934895047433,1.0125934895047433,2.0874065104952564
164659.141318,2858415,200.0,0.01549279749989653,0.005,vicon_frame_time,1,200.0,False,0.95,7,False,so3_window,0.8295085964791827,0.4855344669734784,True,0.073,256,3.1113421809549737,2.0741038212832317,1.4122723307359542,0.2239852813162999,0.19700383986972714,-0.05902900744442974,4.6450114791749195,0.34931511338646515,0.9252671923320996,0.0326611314407927,-0.3801337852366454,-0.029499284307792258,-0.0028344134546006037,-0.25469080377539555,0.03034131912376225,True,safe,1.012272330735954,1.012272330735954,2.087727669264046,True,inside_operational_region,3.1113421809549737,2.0741038212832317,1.4122723307359542,1.012272330735954,1.012272330735954,2.087727669264046
164659.1467209,2858416,200.0,0.014791997500574486,0.005,vicon_frame_time,1,200.0,False,0.95,7,False,so3_window,0.530483383181074,0.2517862454313947,True,0.073,256,3.1347584237835253,2.073114167898335,1.411718394372786,0.22296573302767442,0.1949195176463534,-0.06052784962205493,4.631194001559757,0.34320410794477196,0.9274004615318869,0.002959317312606378,-0.3953890895476004,-0.05697299302250641,-0.002567195340139777,-0.2833333269397043,0.02748085073537449,True,safe,1.011718394372786,1.011718394372786,2.088281605627214,True,inside_operational_region,3.1347584237835253,2.073114167898335,1.411718394372786,1.011718394372786,1.011718394372786,2.088281605627214
164659.1507417,2858417,200.0,0.014011760000228128,0.005,vicon_frame_time,1,200.0,False,0.95,7,False,so3_window,0.6977448542185638,0.14951107837600783,True,0.073,256,3.1581611660692137,2.072058264857249,1.4111550152908698,0.221851983507372,0.1916138410340964,-0.06096317061944001,4.621723815604479,0.3302293685417909,0.923372051039224,-0.031873424648775336,-0.44010926256237065,-0.03706086171870056,-0.002325169570352625,-0.3092755379738459,0.02489005682513286,True,safe,1.01115501529087,1.01115501529087,2.08884498470913,True,inside_operational_region,3.1581611660692137,2.072058264857249,1.4111550152908698,1.01115501529087,1.01115501529087,2.08884498470913
164659.1554653,2858418,200.0,0.015143762500784733,0.005,vicon_frame_time,1,200.0,False,0.95,7,False,so3_window,0.8534880608443256,0.3225022710658013,True,0.073,256,3.181539677039786,2.0710170851887697,1.410656384834211,0.22190696529873533,0.18744766456886897,-0.061875366168242074,4.6152841535295375,0.32191621228903855,0.9090985055845866,-0.018999345033072337,-0.5088005412757146,-0.029452932795753686,-0.0021059611032947134,-0.3327720124107961,0.022543513471396194,True,safe,1.0106563848342112,1.0106563848342112,2.089343615165789,True,inside_operational_region,3.181539677039786,2.0710170851887697,1.410656384834211,1.0106563848342112,1.0106563848342112,2.089343615165789
164659.1603571,2858419,200.0,0.014960062498986163,0.005,vicon_frame_time,1,200.0,False,0.95,7,False,so3_window,0.6024789461160263,0.14659839195124988,True,0.073,256,3.204727873873336,2.0700106868980113,1.4098146357749568,0.220369722611939,0.18486547265010822,-0.06251293354631127,4.598437285646996,0.3182863795332242,0.9144573389167506,-0.06314275052087875,-0.5125586133404962,-0.02604114550955027,-0.0019074188072733477,-0.3540533253351139,0.020418193626695703,True,safe,1.0098146357749567,1.0098146357749567,2.090185364225043,True,inside_operational_region,3.204727873873336,2.0700106868980113,1.4098146357749568,1.0098146357749567,1.0098146357749567,2.090185364225043
164659.1659798,2858420,200.0,0.015533917500027963,0.005,vicon_frame_time,1,200.0,False,0.95,7,False,so3_window,0.9302321967558167,0.3567460891551583,True,0.073,256,3.2279727038328088,2.068977389550738,1.4092439426509173,0.21949607410859473,0.18035096045469423,-0.061954375289900554,4.592594834609248,0.3049369100168881,0.8975712322186834,-0.08512257396872955,-0.5699993106553805,0.028999736062995413,-0.001727594351409507,-0.3733283140572739,0.01849324114922078,True,safe,1.0092439426509174,1.0092439426509174,2.0907560573490827,True,inside_operational_region,3.2279727038328088,2.068977389550738,1.4092439426509173,1.0092439426509174,1.0092439426509174,2.0907560573490827
164659.1713617,2858421,200.0,0.01605201750152795,0.005,vicon_frame_time,1,200.0,False,0.95,7,False,so3_window,0.7839410670061344,0.09865013787923514,True,0.073,256,3.251028342442833,2.0678922849647075,1.4082957453032041,0.21913350353289607,0.17645346358514757,-0.06223386878552262,4.577211441433861,0.2982683265596587,0.897229957158016,-0.08136770440787036,-0.6038003264633448,0.04348289383448673,-0.001564723086320246,-0.3907861274713541,0.016749766137788304,True,safe,1.008295745303204,1.008295745303204,2.091704254696796,True,inside_operational_region,3.251028342442833,2.0678922849647075,1.4082957453032041,1.008295745303204,1.008295745303204,2.091704254696796
164659.1755213,2858422,200.0,0.014580852499449402,0.005,vicon_frame_time,1,200.0,False,0.95,7,False,so3_window,0.6827732952894898,0.22540035302463596,True,0.073,256,3.274256214029102,2.0667630045442484,1.4073224717326815,0.21767721351367886,0.17345247847333667,-0.06171790660949927,4.572776971803639,0.28781287529140137,0.9009824183320315,-0.11934475433128544,-0.5971535013877541,0.07444545321299426,-0.0014172067273003023,-0.4065980822067904,0.015170659561881128,True,safe,1.0073224717326816,1.0073224717326816,2.0926775282673185,True,inside_operational_region,3.274256214029102,2.0667630045442484,1.4073224717326815,1.0073224717326816,1.0073224717326816,2.0926775282673185
164659.1794938,2858423,200.0,0.014002652500522681,0.005,vicon_frame_time,1,200.0,False,0.95,7,False,so3_window,0.9124579400418523,0.2579776129596729,True,0.073,256,3.297319952298781,2.0656010685028154,1.406298967825863,0.21723838117722494,0.16900447187137457,-0.06087467005095304,4.563906395833526,0.27458105382513337,0.8960997956462854,-0.11887105050122117,-0.6364292181549607,0.12107285542180699,-0.001283597670069889,-0.4209193437889448,0.01374042536768725,True,safe,1.0062989678258631,1.0062989678258631,2.093701032174137,True,inside_operational_region,3.297319952298781,2.0656010685028154,1.406298967825863,1.0062989678258631,1.0062989678258631,2.093701032174137
164659.1844327,2858424,200.0,0.01429328750165545,0.005,vicon_frame_time,1,200.0,False,0.5,7,True,so3_window_spike_downweighted,6.534389445778296,6.254541625376565,True,0.073,256,3.320214206835241,2.0639832471382267,1.4062782163858427,0.24419553456448462,0.15279741856855855,-0.0663930434813711,4.568667700723582,0.27135935274003,0.7827134156922204,-0.11834471769600921,-0.6800685068218683,0.1199221094494605,-0.001162584785176313,-0.4338904493060156,0.012445028412566433,True,safe,1.0062782163858426,1.0062782163858426,2.093721783614157,True,inside_operational_region,3.320214206835241,2.0639832471382267,1.4062782163858427,1.0062782163858426,1.0062782163858426,2.093721783614157
164659.1890858,2858425,200.0,0.013955687499415526,0.005,vicon_frame_time,1,200.0,False,0.95,7,False,so3_window,1.2351118730731798,0.35258761571883696,True,0.073,256,3.34318835311567,2.062617364410688,1.4051864872595745,0.2430933755370286,0.14673816451698984,-0.06607245121907956,4.562015535736072,0.2582714134765752,0.778480209013592,-0.1369544710267702,-0.7601881057612823,0.15891626777001072,-0.001052980551647357,-0.44563868652449073,0.0112717567356981,True,safe,1.0051864872595746,1.0051864872595746,2.0948135127404255,True,inside_operational_region,3.34318835311567,2.062617364410688,1.4051864872595745,1.0051864872595746,1.0051864872595746,2.0948135127404255
164659.1952649,2858426,200.0,0.014293425001777662,0.005,vicon_frame_time,1,200.0,False,0.95,7,False,so3_window,0.9522914251373374,0.06041885180986673,True,0.073,256,3.366053816279459,2.06134596813231,1.4038357843321045,0.2418749969402647,0.1421370626268672,-0.06602954082458146,4.550113710564058,0.25520436237914484,0.7850282084820154,-0.1549479701699795,-0.7820343608391445,0.1706312350850594,-0.000953709403636674,-0.4562793429866496,0.010209096813347855,True,safe,1.0038357843321046,1.0038357843321046,2.0961642156678955,True,inside_operational_region,3.366053816279459,2.06134596813231,1.4038357843321045,1.0038357843321046,1.0038357843321046,2.0961642156678955
164659.199965,2858427,200.0,0.01472722499984114,0.005,vicon_frame_time,1,200.0,False,0.5,7,True,so3_window_spike_downweighted,6.107443909533501,6.095183705230804,True,0.073,256,3.3890582599209065,2.0605498853128736,1.401550419936956,0.2128168946816218,0.14749640088878602,-0.0614471797067182,4.5322990377287375,0.24839705025720732,0.8774249288955172,-0.17162654886384276,-0.7933154807228231,0.18365817662416398,-0.0008637971757047536,-0.4659168373477296,0.009246620574610393,True,safe,1.0015504199369558,1.0015504199369558,2.0984495800630443,True,inside_operational_region,3.3890582599209065,2.0605498853128736,1.401550419936956,1.0015504199369558,1.0015504199369558,2.0984495800630443
164659.2052756,2858428,200.0,0.015178985001419872,0.005,vicon_frame_time,1,200.0,False,0.95,7,False,so3_window,1.068526931698443,0.3206533044031407,True,0.073,256,3.4117803620488427,2.0591079118104623,1.3998908436445123,0.21037901676626802,0.14277586409712617,-0.06246411069670099,4.51948677465694,0.2360381685029261,0.8782629559472094,-0.2193842020156439,-0.821983745755503,0.15330114280730414,-0.0007823615431601231,-0.4746457440547697,0.008374883068894156,True,safe,0.9998908436445123,0.9998908436445123,2.1001091563554874,True,inside_operational_region,3.4117803620488427,2.0591079118104623,1.3998908436445123,0.9998908436445123,0.9998908436445123,2.1001091563554874
164659.2096473,2858429,200.0,0.014104484999642094,0.005,vicon_frame_time,1,200.0,False,0.95,7,False,so3_window,1.2432682674037445,0.2234540477564563,True,0.073,256,3.43460625565065,2.0577237808052184,1.398551158903536,0.20931347816342294,0.13665929983948066,-0.062270167932163556,4.518176632111489,0.220430730946339,0.8551677125178132,-0.219238310348724,-0.8830685200096348,0.17648463027425226,-0.0007086033636501513,-0.48255172142248787,0.007585329780940567,True,safe,0.998551158903536,0.998551158903536,2.101448841096464,True,inside_operational_region,3.43460625565065,2.0577237808052184,1.398551158903536,0.998551158903536,0.998551158903536,2.101448841096464
164659.2152983,2858430,200.0,0.014170704999988824,0.005,vicon_frame_time,1,200.0,False,0.95,7,False,so3_window,1.1892268691368677,0.001162317306423133,True,0.073,256,3.4573660303441636,2.056270515113448,1.3969238966487503,0.2081881119642186,0.13082596409328495,-0.06212905802021895,4.513591961087181,0.20649154062619818,0.8452325588170074,-0.22083797238614436,-0.9251495246950507,0.19192798267979727,-0.0006417988350349446,-0.48971235221356507,0.006870212683843626,True,safe,0.9969238966487503,0.9969238966487503,2.10307610335125,True,inside_operational_region,3.4573660303441636,2.056270515113448,1.3969238966487503,0.9969238966487503,0.9969238966487503,2.10307610335125
164659.2292253,2858431,200.0,0.015195505001676077,0.005,vicon_frame_time,1,200.0,False,0.5,7,True,so3_window_spike_downweighted,6.354962533927428,5.961838361623244,True,0.073,256,3.479928398490622,2.054389375684531,1.3962724088315148,0.2333239821811608,0.11233610712180475,-0.06580840310871539,4.518887127052735,0.19053455485663143,0.7286131732713625,-0.22287366296813332,-0.9719057716082492,0.20908710717407175,0.012121446239608286,-0.4646056016381404,-0.0046373400647655525,True,safe,0.9962724088315148,0.9962724088315148,2.103727591168485,True,inside_operational_region,3.479928398490622,2.054389375684531,1.3962724088315148,0.9962724088315148,0.9962724088315148,2.103727591168485
164659.2337796,2858433,200.0,0.014014104998997221,0.01,vicon_frame_time,2,200.0,False,0.95,7,False,so3_window,1.267876530046081,0.21304873843799824,True,0.073,256,3.5251802901983442,2.051473430158399,1.3925852073437504,0.22934580167810736,0.10041756353148079,-0.06448376449209814,4.506701513040032,0.17653581125535345,0.7262692981077189,-0.2788771429010276,-1.0187225137176712,0.26609236990851276,0.0341515605286326,-0.4212698683377209,-0.024500055287753036,True,safe,0.9925852073437503,0.9925852073437503,2.1074147926562494,True,inside_operational_region,3.5251802901983442,2.051473430158399,1.3925852073437504,0.9925852073437503,0.9925852073437503,2.1074147926562494
164659.2384224,2858434,200.0,0.015262060001343176,0.005,vicon_frame_time,1,200.0,False,0.95,7,False,so3_window,1.3562860099366132,0.168175242794711,True,0.073,256,3.547743935958171,2.050031928716222,1.390635751033757,0.2274455835535174,0.09397211955529272,-0.06373691108108215,4.501198139810872,0.1692064970449652,0.7196274635455834,-0.2981547499402177,-1.052595669983424,0.2945240249667224,0.043634615174520164,-0.40261562435078746,-0.03305013412094075,True,safe,0.990635751033757,0.990635751033757,2.109364248966243,True,inside_operational_region,3.547743935958171,2.050031928716222,1.390635751033757,0.990635751033757,0.990635751033757,2.109364248966243
164659.240291,2858435,200.0,0.014279655000971206,0.005,vicon_frame_time,1,200.0,False,0.95,7,False,so3_window,1.245364799986542,0.24742246705785104,True,0.073,256,3.5703490678154073,2.0484661018933092,1.3885040426452269,0.22501003735030656,0.08841836450186946,-0.06252816402460049,4.498828463409719,0.15611929238534927,0.7221911013871956,-0.33331785756167515,-1.048570996194772,0.3260640838566025,0.05222364217680831,-0.3857200341328692,-0.0407941428514808,True,safe,0.9885040426452268,0.9885040426452268,2.111495957354773,True,inside_operational_region,3.5703490678154073,2.0484661018933092,1.3885040426452269,0.9885040426452268,0.9885040426452268,2.111495957354773
164659.2450325,2858436,200.0,0.014509005001336377,0.005,vicon_frame_time,1,200.0,False,0.95,7,False,so3_window,1.402347544057222,0.10482999481071745,True,0.073,256,3.592700530653068,2.046894757533968,1.3863127256211365,0.22270097433385638,0.08183486906172543,-0.061997271911834684,4.487314164468711,0.14467085920185818,0.715780328498455,-0.356239029247,-1.0838709081115712,0.33762881358595465,0.05365155786968415,-0.3259577130381073,-0.04780807481499722,True,safe,0.9863127256211365,0.9863127256211365,2.1136872743788633,True,inside_operational_region,3.592700530653068,2.046894757533968,1.3863127256211365,0.9863127256211365,0.9863127256211365,2.1136872743788633
164659.2519697,2858437,200.0,0.01643920499957811,0.005,vicon_frame_time,1,200.0,False,0.95,7,False,so3_window,1.3262652957219905,0.04834635561256801,True,0.073,256,3.615168164395738,2.04527687325396,1.3840379793907276,0.22082947233669392,0.07549176455154605,-0.06163577502971096,4.484277714299947,0.13399229788454053,0.709876199011414,-0.36019613669708733,-1.1068435007928756,0.33958185592008894,0.054944854903295585,-0.27182956459124336,-0.05416075897389105,True,safe,0.9840379793907276,0.9840379793907276,2.115962020609272,True,inside_operational_region,3.615168164395738,2.04527687325396,1.3840379793907276,0.9840379793907276,0.9840379793907276,2.115962020609272
164659.2563333,2858438,200.0,0.014810239999847798,0.005,vicon_frame_time,1,200.0,False,0.95,7,False,so3_window,1.5019470297889002,0.27500119674942,True,0.073,256,3.637458415533718,2.0436549888711544,1.3815181856556205,0.21914908410910927,0.06817582355392782,-0.06200932993792829,4.475096953717254,0.12772054823200282,0.7044925097610508,-0.35528221923909703,-1.1630698993022186,0.324079702461152,0.05611622463155978,-0.2228044196401291,-0.05991453534819564,True,safe,0.9815181856556204,0.9815181856556204,2.1184818143443795,True,inside_operational_region,3.637458415533718,2.0436549888711544,1.3815181856556205,0.9815181856556204,0.9815181856556204,2.1184818143443795
164659.2604419,2858439,200.0,0.015058850001233188,0.005,vicon_frame_time,1,200.0,False,0.95,7,False,so3_window,1.436650586354968,0.2663380246475346,True,0.073,256,3.6598766751761866,2.041980232852392,1.3790436422213772,0.21584583464508222,0.0618049310182176,-0.061842474909625356,4.474463425041294,0.11651194609334066,0.6969399541819359,-0.40653999997451423,-1.1753878523906083,0.32131079393397655,0.05717716191405105,-0.1784011857139367,-0.06512586676928589,True,safe,0.9790436422213772,0.9790436422213772,2.120956357778623,True,inside_operational_region,3.6598766751761866,2.041980232852392,1.3790436422213772,0.9790436422213772,0.9790436422213772,2.120956357778623
164659.2655317,2858440,200.0,0.014929737501090997,0.005,vicon_frame_time,1,200.0,False,0.95,7,False,so3_window,1.4433688581096247,0.3975935647752365,True,0.073,256,3.6821099960225228,2.0402472381516565,1.3765487880973164,0.21162480899847047,0.05594805912362055,-0.06193407967660658,4.466564480577347,0.10389378023511407,0.6881585136272756,-0.4793074172388235,-1.170923085330121,0.3061898590721045,0.051786708601005,-0.1303847760915669,-0.06984589295968938,True,safe,0.9765487880973164,0.9765487880973164,2.1234512119026836,True,inside_operational_region,3.6821099960225228,2.0402472381516565,1.3765487880973164,0.9765487880973164,0.9765487880973164,2.1234512119026836
164659.2710802,2858441,200.0,0.014346737500175507,0.005,vicon_frame_time,1,200.0,False,0.95,7,False,so3_window,1.5801432983694357,0.21554259505969367,True,0.073,256,3.7043556777510536,2.038554615488607,1.373681121515672,0.20851453643836493,0.048685362994715486,-0.061931598840869295,4.461906332533945,0.09665712797367912,0.6854126886864298,-0.5031035496662292,-1.2125218642206341,0.3057215077528458,0.046904447474269424,-0.08689517762359744,-0.07412093237628324,True,safe,0.9736811215156719,0.9736811215156719,2.1263188784843283,True,inside_operational_region,3.7043556777510536,2.038554615488607,1.373681121515672,0.9736811215156719,0.9736811215156719,2.1263188784843283
164659.2768798,2858442,200.0,0.015490379999507866,0.005,vicon_frame_time,1,200.0,False,0.95,7,False,so3_window,1.219039259140701,0.1693660859143933,True,0.073,256,3.726732206274604,2.0368041356036017,1.3707404036951287,0.20596280862140448,0.04316385081771523,-0.061640399072738994,4.4641208871839915,0.08836565526070758,0.6880307950251491,-0.504756028732507,-1.1885509659642135,0.3021266583403999,0.042482468036669246,-0.04750561914182215,-0.07799293674155326,True,safe,0.9707404036951287,0.9707404036951287,2.1292595963048715,True,inside_operational_region,3.726732206274604,2.0368041356036017,1.3707404036951287,0.9707404036951287,0.9707404036951287,2.1292595963048715
164659.281464,2858443,200.0,0.015421780001022569,0.005,vicon_frame_time,1,200.0,False,0.95,7,False,so3_window,1.0914109326419985,0.6095949224621409,True,0.073,256,3.7489630557785567,2.035148552397083,1.3679061553854288,0.20195052401437463,0.039662865846136874,-0.06060163411428299,4.458816260232981,0.08038452201357094,0.6887443794815222,-0.5558085645385706,-1.0977284928466486,0.30928829837665167,0.03847737661714636,-0.011829563899971182,-0.08149990272331148,True,safe,0.9679061553854288,0.9679061553854288,2.1320938446145714,True,inside_operational_region,3.7489630557785567,2.035148552397083,1.3679061553854288,0.9679061553854288,0.9679061553854288,2.1320938446145714
164659.2873278,2858444,200.0,0.0152799424997359,0.005,vicon_frame_time,1,200.0,False,0.95,7,False,so3_window,0.9772834614476082,0.4271569433372952,True,0.073,256,3.771187850016327,2.0334303450337092,1.3647160409228445,0.20056642532397229,0.035008858940582144,-0.06010172110541223,4.4554100553173415,0.07543450996110489,0.696500047583437,-0.5099302699118533,-1.063445697725803,0.3050677148625056,0.03484987054094417,0.01268373369458824,-0.0846762448027584,True,safe,0.9647160409228445,0.9647160409228445,2.1352839590771557,True,inside_operational_region,3.771187850016327,2.0334303450337092,1.3647160409228445,0.9647160409228445,0.9647160409228445,2.1352839590771557
164659.2933435,2858445,200.0,0.015549842499429634,0.005,vicon_frame_time,1,200.0,False,0.95,7,False,so3_window,1.35675400814533,0.3119080804652895,True,0.073,256,3.7931520316358416,2.031730800740323,1.361545646056762,0.19685811756228366,0.0297008759851769,-0.05819492557651529,4.442357193546708,0.061513819640022574,0.6954638481547158,-0.5506097854120438,-1.0471144455275128,0.3514295915316702,0.03156435244546673,0.03488600741512421,-0.0875531329899107,True,safe,0.9615456460567621,0.9615456460567621,2.1384543539432377,True,inside_operational_region,3.7931520316358416,2.031730800740323,1.361545646056762,0.9615456460567621,0.9615456460567621,2.1384543539432377
164659.3140638,2858446,200.0,0.03293626999994086,0.005,vicon_frame_time,1,200.0,False,0.95,7,False,so3_window,0.9445994194504025,0.5356145684257534,True,0.073,256,3.815277392394826,2.0299874427992077,1.358199046821771,0.19285284719741735,0.02734186538943728,-0.057464969052036796,4.438127817690864,0.05480183412094053,0.7099757321026964,-0.5930462453151324,-0.945027033726532,0.3319442776658556,0.02858858095702553,0.054995132124278284,-0.09015879870045583,True,safe,0.958199046821771,0.958199046821771,2.1418009531782287,True,inside_operational_region,3.815277392394826,2.0299874427992077,1.358199046821771,0.958199046821771,0.958199046821771,2.1418009531782287
164659.3184854,2858450,200.0,0.01800908499959888,0.02,vicon_frame_time,4,200.0,False,0.95,7,False,so3_window,0.6499208970874376,0.7189115404546158,True,0.073,256,3.9035693290531666,2.022585466243098,1.3436714993018428,0.18085848196593846,0.02312811071268772,-0.05504177007076638,4.421474812683628,0.027311099108438402,0.7852613476725802,-0.5976724025345104,-0.5833670402908184,0.249297843557857,0.04127194518975946,0.09112174506452547,-0.09834581667746863,True,safe,0.9436714993018428,0.9436714993018428,2.156328500698157,True,inside_operational_region,3.9035693290531666,2.022585466243098,1.3436714993018428,0.9436714993018428,0.9436714993018428,2.156328500698157
164659.3211623,2858451,200.0,0.01549768499959583,0.005,vicon_frame_time,1,200.0,False,0.95,7,False,so3_window,0.9656248883520979,0.0846166387079272,True,0.073,256,3.925216844212265,2.0207191860790923,1.339743748702085,0.17766630622569668,0.019751779658959023,-0.053796475857354586,4.40237612715116,0.01661978800779608,0.7961936829967803,-0.6053563280285011,-0.5894807468356476,0.2686514632423306,0.04373234674466628,0.09812982060510635,-0.09993398771719209,True,safe,0.9397437487020849,0.9397437487020849,2.1602562512979153,True,inside_operational_region,3.925216844212265,2.0207191860790923,1.339743748702085,0.9397437487020849,0.9397437487020849,2.1602562512979153
164659.3257013,2858452,200.0,0.014917527499780836,0.005,vicon_frame_time,1,200.0,False,0.95,7,False,so3_window,0.7682806058077524,1.009249348280764,True,0.073,256,3.9473653655154286,2.018786325202287,1.3361133959852955,0.17434772308802993,0.02149636798841925,-0.05302557946933861,4.406774342856162,0.007861118839093142,0.8112433828359574,-0.6156134071434964,-0.4294736355211243,0.23898649238336575,0.03960942134043888,0.046755429580069986,-0.112232286081817,True,safe,0.9361133959852955,0.9361133959852955,2.1638866040147047,True,inside_operational_region,3.9473653655154286,2.018786325202287,1.3361133959852955,0.9361133959852955,0.9361133959852955,2.1638866040147047
164659.3299235,2858453,200.0,0.014779827499002996,0.005,vicon_frame_time,1,200.0,False,0.95,7,False,so3_window,0.7410169717645414,0.7260692668498149,True,0.073,256,3.9690834697811432,2.0169324547740333,1.3320331461574704,0.17117359002297938,0.022733367460659792,-0.05163724429034078,4.390413805349583,0.0027686707034558083,0.8418371039085651,-0.6198391146076602,-0.3093163726211256,0.2376450550996572,0.03587519023583528,0.0002244278915472936,-0.1233711459408359,True,safe,0.9320331461574703,0.9320331461574703,2.16796685384253,True,inside_operational_region,3.9690834697811432,2.0169324547740333,1.3320331461574704,0.9320331461574703,0.9320331461574703,2.16796685384253
164659.3355778,2858454,200.0,0.015378917499454664,0.005,vicon_frame_time,1,200.0,False,0.95,7,False,so3_window,0.7917853188224586,0.3845341232379229,True,0.073,256,3.9909305152771815,2.0149133631332967,1.3279525446647635,0.16737910940230805,0.023478991522474235,-0.050872417012700843,4.383959599177834,-0.008160477613033998,0.8657465976383975,-0.6436053729610524,-0.2289672373621968,0.21897270113110975,0.03249300875656546,-0.04191980145965151,-0.13345987490806863,True,safe,0.9279525446647635,0.9279525446647635,2.1720474553352362,True,inside_operational_region,3.9909305152771815,2.0149133631332967,1.3279525446647635,0.9279525446647635,0.9279525446647635,2.1720474553352362
164659.3407018,2858455,200.0,0.015569017500873278,0.005,vicon_frame_time,1,200.0,False,0.95,7,False,so3_window,0.8451175680218163,0.13463232030277095,True,0.073,256,4.0128104657357095,2.01302601956298,1.3239045035525234,0.16364035249955888,0.024571856852396046,-0.04932180492206273,4.379512424004272,-0.015649897057697953,0.884806078155415,-0.6622055331281128,-0.14635797991067012,0.2274418550201523,0.029429686953955675,-0.08009082729519779,-0.14259747547603607,True,safe,0.9239045035525234,0.9239045035525234,2.1760954964474766,True,inside_operational_region,4.0128104657357095,2.01302601956298,1.3239045035525234,0.9239045035525234,0.9239045035525234,2.1760954964474766
164659.346326,2858456,200.0,0.014927382500207335,0.005,vicon_frame_time,1,200.0,False,0.95,7,False,so3_window,1.1193107664350157,0.3738350100619966,True,0.073,256,4.034579589805146,2.0110924831358408,1.3197687091198296,0.15897522985927948,0.02629398240635572,-0.04687014391379618,4.370114000479186,-0.02960926998656986,0.9082683380153799,-0.7094222677286801,-0.0521806344139123,0.26095188452301316,0.026655163906076425,-0.12519399646166768,-0.14001376227398674,True,safe,0.9197687091198296,0.9197687091198296,2.1802312908801706,True,inside_operational_region,4.034579589805146,2.0110924831358408,1.3197687091198296,0.9197687091198296,0.9197687091198296,2.1802312908801706
164659.3502261,2858457,200.0,0.014898382501303735,0.005,vicon_frame_time,1,200.0,False,0.95,7,False,so3_window,0.7457774530421587,0.11709448824863301,True,0.073,256,4.056221132380676,2.009145735578498,1.3154951210184374,0.1557207438066297,0.02682641973180866,-0.0452139020202007,4.357711779436566,-0.039616987015758054,0.9288115967963486,-0.7011338524228689,-0.017305585168278348,0.26918602298886096,0.02414221272456657,-0.16604500410903766,-0.13767363208521957,True,safe,0.9154951210184373,0.9154951210184373,2.1845048789815626,True,inside_operational_region,4.056221132380676,2.009145735578498,1.3154951210184374,0.9154951210184373,0.9154951210184373,2.1845048789815626
164659.3548101,2858458,200.0,0.014760637501289392,0.005,vicon_frame_time,1,200.0,False,0.95,7,False,so3_window,0.9873634630348566,0.17516045763147034,True,0.073,256,4.078031871719629,2.0071742890432716,1.3113114140264928,0.15121752563526503,0.028441373444923812,-0.04411333612485713,4.354629410495514,-0.04906012270493296,0.9460609462987931,-0.7354006273355638,0.04438649840973481,0.2523323350211684,0.02186617337233315,-0.20304472844428648,-0.1355541207957948,True,safe,0.9113114140264927,0.9113114140264927,2.188688585973507,True,inside_operational_region,4.078031871719629,2.0071742890432716,1.3113114140264928,0.9113114140264927,0.9113114140264927,2.188688585973507
164659.3591615,2858459,200.0,0.01412233750129796,0.005,vicon_frame_time,1,200.0,False,0.95,7,False,so3_window,0.890036167698306,0.2323494284902925,True,0.073,256,4.099660331237519,2.005086797231964,1.3068038629342436,0.14713227901553294,0.02844907235345806,-0.0424608221011713,4.344925809737181,-0.06467878478676503,0.9693405453788599,-0.7505760617693876,0.04542594854555194,0.2646894115423825,0.019804710670219446,-0.23655625434596247,-0.13363442926428826,True,safe,0.9068038629342435,0.9068038629342435,2.1931961370657564,True,inside_operational_region,4.099660331237519,2.005086797231964,1.3068038629342436,0.9068038629342435,0.9068038629342435,2.1931961370657564
164659.3642438,2858460,200.0,0.014181517500460842,0.005,vicon_frame_time,1,200.0,False,0.95,7,False,so3_window,0.977823681491696,0.09493677455469533,True,0.073,256,4.121183289072858,2.0030131260864095,1.302324569993067,0.1427528672651759,0.028936934616761167,-0.040464668230092204,4.3320585044049595,-0.08067673590847822,0.98833975852438,-0.7733703540284751,0.06355391855701278,0.28404027210687627,0.01793759511791765,-0.2669084363807033,-0.1318957192161158,True,safe,0.902324569993067,0.902324569993067,2.197675430006933,True,inside_operational_region,4.121183289072858,2.0030131260864095,1.302324569993067,0.902324569993067,0.902324569993067,2.197675430006933
164659.3694771,2858461,200.0,0.014467317499352731,0.005,vicon_frame_time,1,200.0,False,0.95,7,False,so3_window,0.9119357858840462,0.1572370771214628,True,0.073,256,4.142954518846369,2.000971993849088,1.2979607333199898,0.1384409354000531,0.029991358312702943,-0.03954181835323611,4.332612262092267,-0.08979649780312729,1.0004353795494743,-0.789113284108099,0.09207245150613474,0.2622188006783064,0.016246504378282737,-0.2943991259116138,-0.13032092838019255,True,safe,0.8979607333199898,0.8979607333199898,2.20203926668001,True,inside_operational_region,4.142954518846369,2.000971993849088,1.2979607333199898,0.8979607333199898,0.8979607333199898,2.20203926668001
164659.374378,2858462,200.0,0.014031324999934085,0.005,vicon_frame_time,1,200.0,False,0.95,7,False,so3_window,0.8776845703709725,0.207981812691868,True,0.073,256,4.164554850187497,1.9987908319310006,1.293615405407811,0.13443529921679787,0.031489986806009895,-0.03867376976286918,4.324997560492907,-0.10447415540388753,1.0125683116023985,-0.7920050474872447,0.13015258639244975,0.24037266020311868,0.014714843476977844,-0.31929809396669157,-0.1288946030538309,True,safe,0.893615405407811,0.893615405407811,2.2063845945921887,True,inside_operational_region,4.164554850187497,1.9987908319310006,1.293615405407811,0.893615405407811,0.893615405407811,2.2063845945921887
164659.3794157,2858463,200.0,0.014181924998894473,0.005,vicon_frame_time,1,200.0,False,0.95,7,False,so3_window,1.074186175031764,0.7787679550292121,True,0.073,256,4.186203859908775,1.9966950043342477,1.2891300998517028,0.1303773959864869,0.02820258713638335,-0.03753470442618667,4.325175315479059,-0.11676433526652752,1.0087087438550717,-0.7964007718720997,0.00484429931806829,0.25239762153979356,0.01332758195303822,-0.34184967854992654,-0.12760274645280625,True,safe,0.8891300998517028,0.8891300998517028,2.210869900148297,True,inside_operational_region,4.186203859908775,1.9966950043342477,1.2891300998517028,0.8891300998517028,0.8891300998517028,2.210869900148297
164659.3887529,2858464,200.0,0.01856291499983986,0.005,vicon_frame_time,1,200.0,False,0.95,7,False,so3_window,0.9789267589669304,0.19635819861391646,True,0.073,256,4.207800422472941,1.9944196052931893,1.284778712017337,0.12576696273665844,0.027850886137038344,-0.036053204919249016,4.321115935496301,-0.13788426006307886,1.0103031396728945,-0.8187332754122763,-0.0012858407235495388,0.2607887445260731,0.01207110636228329,-0.3622751823736115,-0.12643268135842267,True,safe,0.884778712017337,0.884778712017337,2.215221287982663,True,inside_operational_region,4.207800422472941,1.9944196052931893,1.284778712017337,0.884778712017337,0.884778712017337,2.215221287982663
164659.3932363,2858465,200.0,0.014283515001572095,0.005,vicon_frame_time,1,200.0,False,0.95,7,False,so3_window,1.1258857349859395,0.5686806267654939,True,0.073,256,4.2292854955784644,1.9923448910202657,1.2799586769378744,0.12106043159809454,0.02510883759911353,-0.03475102216329162,4.314525181414263,-0.14620424004371257,1.0202277002786617,-0.8403122142860175,-0.0864404586467415,0.27163696040991336,0.010933086686166578,-0.3807750445412359,-0.12537292571371028,True,safe,0.8799586769378743,0.8799586769378743,2.2200413230621256,True,inside_operational_region,4.2292854955784644,1.9923448910202657,1.2799586769378744,0.8799586769378743,0.8799586769378743,2.2200413230621256
164659.3972213,2858466,200.0,0.014272285000809109,0.005,vicon_frame_time,1,200.0,False,0.95,7,False,so3_window,1.0696050857905886,0.47180208169664706,True,0.073,256,4.250808420767581,1.990196604046272,1.2755695291324536,0.11696541956891293,0.02249288017979456,-0.0326127373325229,4.3118499750220725,-0.16367613775875078,1.0077619943103184,-0.8384566395744812,-0.1501580204357144,0.3074710448354614,0.009902355335109726,-0.3975308074920739,-0.12441307994795701,True,safe,0.8755695291324536,0.8755695291324536,2.2244304708675466,True,inside_operational_region,4.250808420767581,1.990196604046272,1.2755695291324536,0.8755695291324536,0.8755695291324536,2.2244304708675466
164659.3996627,2858467,200.0,0.01461412250059593,0.005,vicon_frame_time,1,200.0,False,0.95,7,False,so3_window,1.260405247087456,0.26966895668843016,True,0.073,256,4.2723563375849745,1.988019357063656,1.2709320359216174,0.11218380027763297,0.019016448980132772,-0.030526573992331496,4.311933107888482,-0.18129579143644173,1.0028631463814224,-0.859545067136597,-0.232308495783842,0.3385433568984416,0.0018934379581240241,-0.4127068985094443,-0.11268387065282201,True,safe,0.8709320359216174,0.8709320359216174,2.2290679640783826,True,inside_operational_region,4.2723563375849745,1.988019357063656,1.2709320359216174,0.8709320359216174,0.8709320359216174,2.2290679640783826
164659.403382,2858468,200.0,0.013275382499548355,0.005,vicon_frame_time,1,200.0,False,0.95,7,False,so3_window,1.0750745433339783,0.29771609239189534,True,0.073,256,4.293831324766731,1.9858023866564278,1.2663242383022062,0.10892763262125804,0.01522618463435288,-0.028600143491499086,4.309777287759555,-0.1983104798794641,0.9933749826091134,-0.8259241677142192,-0.31208109477986934,0.359872875470884,-0.0053604280353463435,-0.4264522432748996,-0.10206044823111406,True,safe,0.8663242383022062,0.8663242383022062,2.2336757616977936,True,inside_operational_region,4.293831324766731,1.9858023866564278,1.2663242383022062,0.8663242383022062,0.8663242383022062,2.2336757616977936
164659.4095834,2858469,200.0,0.014322082500645988,0.005,vicon_frame_time,1,200.0,False,0.95,7,False,so3_window,1.3988387694171849,0.20531656953093527,True,0.073,256,4.315255296875094,1.9836516359691072,1.2616851466478651,0.10344870798589101,0.011326445547394481,-0.02674999048586768,4.306504302605175,-0.21331811104961507,0.9824539778672885,-0.8717215087819452,-0.3827940755694513,0.37499147736448324,-0.011930426123031669,-0.4389017273024385,-0.09243856314830137,True,safe,0.8616851466478651,0.8616851466478651,2.2383148533521346,True,inside_operational_region,4.315255296875094,1.9836516359691072,1.2616851466478651,0.8616851466478651,0.8616851466478651,2.2383148533521346
164659.4137251,2858470,200.0,0.013608799999802582,0.005,vicon_frame_time,1,200.0,False,0.95,7,False,so3_window,1.236171635007028,0.11796849233998342,True,0.073,256,4.336667926643489,1.981278860219334,1.2569974008150928,0.09903639533052244,0.0073825520288739455,-0.02500746377457519,4.304424579162432,-0.23634489720942248,0.9732130001325734,-0.8740548985726901,-0.44391754901102787,0.3835645815067393,-0.017881028865216884,-0.45017751959405594,-0.08372379413397005,True,safe,0.8569974008150928,0.8569974008150928,2.243002599184907,True,inside_operational_region,4.336667926643489,1.981278860219334,1.2569974008150928,0.8569974008150928,0.8569974008150928,2.243002599184907
164659.4219113,2858471,200.0,0.01385599999945131,0.005,vicon_frame_time,1,200.0,False,0.95,7,False,so3_window,1.0280438715630689,0.2931674991002161,True,0.073,256,4.358192601165626,1.9790456422430915,1.2524736918107138,0.09454705607188973,0.0053359342885062055,-0.023593836945639435,4.306656521340025,-0.24943788723940385,0.9622159643894992,-0.8783234921745147,-0.4332784200889017,0.37312900129203325,-0.003492532352416481,-0.46039027150589845,-0.0866904758801451,True,safe,0.8524736918107138,0.8524736918107138,2.2475263081892862,True,inside_operational_region,4.358192601165626,1.9790456422430915,1.2524736918107138,0.8524736918107138,0.8524736918107138,2.2475263081892862
164659.4260005,2858472,200.0,0.013836467499829731,0.005,vicon_frame_time,1,200.0,False,0.95,7,False,so3_window,1.481091661478596,0.377237139078749,True,0.073,256,4.379512907581239,1.9766622833140963,1.2476482651487906,0.08972445852654642,-0.0001420043595845577,-0.022351062018475698,4.302951977573436,-0.2685878801689754,0.9505918754307148,-0.8927973114714014,-0.5390823791814829,0.3689907444595229,0.009539469432405544,-0.4696402025897107,-0.08937746974199562,True,safe,0.8476482651487905,0.8476482651487905,2.252351734851209,True,inside_operational_region,4.379512907581239,1.9766622833140963,1.2476482651487906,0.8476482651487905,0.8476482651487905,2.252351734851209
164659.4300876,2858473,200.0,0.014248259998777383,0.005,vicon_frame_time,1,200.0,False,0.95,7,False,so3_window,1.4308065064434254,0.4762431253654661,True,0.073,256,4.400934350760876,1.9743627241471948,1.2429229352860127,0.08599794739646027,-0.006145647019919931,-0.021221421946065355,4.305967690366192,-0.2812879793553761,0.9292957224070078,-0.868094908698741,-0.6452856068425488,0.36256161449620605,0.021342861841648318,-0.4780180840651297,-0.0918111436684055,True,safe,0.8429229352860127,0.8429229352860127,2.2570770647139873,True,inside_operational_region,4.400934350760876,1.9743627241471948,1.2429229352860127,0.8429229352860127,0.8429229352860127,2.2570770647139873
164659.4342312,2858474,200.0,0.014118244999563349,0.005,vicon_frame_time,1,200.0,False,0.95,7,False,so3_window,1.412251252092842,0.20408596031991663,True,0.073,256,4.422273151500354,1.9721311086864661,1.2381076557144817,0.08117013650730787,-0.011023185672217384,-0.019517157420897213,4.304431999727057,-0.293159837466047,0.9152944576857287,-0.8838521465619222,-0.695014784941645,0.37231731031101384,0.03203347366529247,-0.4856061295738149,-0.09401537973465697,True,safe,0.8381076557144816,0.8381076557144816,2.2618923442855183,True,inside_operational_region,4.422273151500354,1.9721311086864661,1.2381076557144817,0.8381076557144816,0.8381076557144816,2.2618923442855183
164659.4392352,2858475,200.0,0.014155945001048413,0.005,vicon_frame_time,1,200.0,False,0.95,7,False,so3_window,1.3273927290935172,0.08270703297928952,True,0.073,256,4.443542092290267,1.9696909160245222,1.2332350498877054,0.07669186729852306,-0.01583998549439425,-0.01856454564588761,4.301356130380823,-0.31078616312372376,0.9029314371018016,-0.8853923753713324,-0.7367375749281433,0.35457569896219754,0.04171621377942649,-0.49247880195654253,-0.09601180850148491,True,safe,0.8332350498877054,0.8332350498877054,2.266764950112295,True,inside_operational_region,4.443542092290267,1.9696909160245222,1.2332350498877054,0.8332350498877054,0.8332350498877054,2.266764950112295
164659.4447995,2858476,200.0,0.0148077975004492,0.005,vicon_frame_time,1,200.0,False,0.95,7,False,so3_window,1.512960944462252,0.23531890499730038,True,0.073,256,4.464859829131322,1.9673504698044386,1.22842018870905,0.07229610830745425,-0.0218558196550398,-0.01717011906602517,4.302676445896447,-0.32445101220568834,0.8805039933726033,-0.8834757097852914,-0.8104643802576907,0.35674801092272884,0.04413473131961686,-0.49870354397031197,-0.0978200212796182,True,safe,0.82842018870905,0.82842018870905,2.27157981129095,True,inside_operational_region,4.464859829131322,1.9673504698044386,1.22842018870905,0.82842018870905,0.82842018870905,2.27157981129095
164659.4502526,2858477,200.0,0.01403389749929946,0.005,vicon_frame_time,1,200.0,False,0.95,7,False,so3_window,1.5097958952652077,0.19157440639174442,True,0.073,256,4.486100111665369,1.9650080121759197,1.2233460324922765,0.0681463852948263,-0.02785186924183458,-0.015111236130840755,4.3012166355897925,-0.33946517809538157,0.8689928541917991,-0.8728473801860243,-0.8699516921847182,0.3797538314386081,0.046325239888204604,-0.5043414401161207,-0.0994577623827979,True,safe,0.8233460324922764,0.8233460324922764,2.2766539675077233,True,inside_operational_region,4.486100111665369,1.9650080121759197,1.2233460324922765,0.8233460324922764,0.8233460324922764,2.2766539675077233
164659.4548393,2858478,200.0,0.014440880000405148,0.005,vicon_frame_time,1,200.0,False,0.95,7,False,so3_window,1.2533543037114387,0.2844032967516944,True,0.073,256,4.507385511682608,1.9627457902337604,1.2184030929156813,0.06414972724508416,-0.032186760826860894,-0.012864708418208526,4.301313178414156,-0.35117299721048156,0.8552113710068228,-0.8583461900087311,-0.8641922751694403,0.4007005942423035,0.04830923533554739,-0.5094478160720419,-0.10094110325588543,True,safe,0.8184030929156813,0.8184030929156813,2.2815969070843187,True,inside_operational_region,4.507385511682608,1.9627457902337604,1.2184030929156813,0.8184030929156813,0.8184030929156813,2.2815969070843187
164659.4605305,2858479,200.0,0.015426280000395625,0.005,vicon_frame_time,1,200.0,False,0.95,7,False,so3_window,1.6535301878320494,0.2099425989035801,True,0.073,256,4.5286234469846,1.9603307046397738,1.213333068374628,0.060098614664533034,-0.03913965229868843,-0.010817425134164615,4.302334108881957,-0.36965597749211065,0.8349302057268599,-0.8478912662374297,-0.9472459166559097,0.41637470876946003,0.050106186961997604,-0.514072781613948,-0.10228460018681068,True,safe,0.8133330683746279,0.8133330683746279,2.286666931625372,True,inside_operational_region,4.5286234469846,1.9603307046397738,1.213333068374628,0.8133330683746279,0.8133330683746279,2.286666931625372
164659.4650314,2858480,200.0,0.014654857500219047,0.005,vicon_frame_time,1,200.0,False,0.95,7,False,so3_window,1.4972005288949102,0.0,True,0.073,256,4.549841833835246,1.9579245421325622,1.2083040461287016,0.055830899224186936,-0.04506384483204906,-0.008975537057379857,4.302405207348997,-0.38571942979932256,0.814696287411768,-0.8462485752014869,-0.9829610565409234,0.4196581234548859,0.051733728573611075,-0.5182617223516575,-0.10350143715001561,True,safe,0.8083040461287015,0.8083040461287015,2.291695953871298,True,inside_operational_region,4.549841833835246,1.9579245421325622,1.2083040461287016,0.8083040461287015,0.8083040461287015,2.291695953871298
164659.4703331,2858481,200.0,0.015078957499000505,0.005,vicon_frame_time,1,200.0,False,0.95,7,False,so3_window,1.6012081513745324,0.19103456377758457,True,0.073,256,4.57111397204477,1.9555684489548317,1.2031983569708375,0.05211064912947849,-0.051837018763829956,-0.0066946249961188364,4.306233582360541,-0.40008875138533434,0.7927946940910131,-0.8255317415629616,-1.040483951528566,0.4377259166631437,0.04685646220972539,-0.5220557451060001,-0.10460355518314135,True,safe,0.8031983569708375,0.8031983569708375,2.2968016430291627,True,inside_operational_region,4.57111397204477,1.9555684489548317,1.2031983569708375,0.8031983569708375,0.8031983569708375,2.2968016430291627
164659.4752958,2858482,200.0,0.015271795000589923,0.005,vicon_frame_time,1,200.0,False,0.95,7,False,so3_window,1.334200382433873,0.26266799942648794,True,0.073,256,4.592271912885302,1.953134317961992,1.1978841801966436,0.048092967871625536,-0.05709967927480708,-0.005631626539947643,4.304928322549781,-0.4120328981733513,0.7847775760224942,-0.8199362102169737,-1.0405000495638619,0.4088919757007541,0.04243900664703575,-0.5254920812973639,-0.10560176956655533,True,safe,0.7978841801966435,0.7978841801966435,2.3021158198033564,True,inside_operational_region,4.592271912885302,1.953134317961992,1.1978841801966436,0.7978841801966435,0.7978841801966435,2.3021158198033564
164659.4797463,2858483,200.0,0.01466269500102499,0.005,vicon_frame_time,1,200.0,False,0.95,7,False,so3_window,1.5820358864883377,0.2856960145589208,True,0.073,256,4.613252984040131,1.9507278098605259,1.192390572665439,0.04442790809984842,-0.0640379127733719,-0.004385824306532005,4.298547347137127,-0.4224476036118361,0.7745370711883297,-0.8029338636385247,-1.096196183254905,0.39284398277274757,0.038438012608073516,-0.5286044523042487,-0.10650587595562197,True,safe,0.7923905726654389,0.7923905726654389,2.307609427334561,True,inside_operational_region,4.613252984040131,1.9507278098605259,1.192390572665439,0.7923905726654389,0.7923905726654389,2.307609427334561
164659.4841174,2858484,200.0,0.014160037499145559,0.005,vicon_frame_time,1,200.0,False,0.95,7,False,so3_window,1.3609793306098485,0.12280845168433509,True,0.073,256,4.634479896820346,1.948326707974126,1.1871018798295987,0.04050679743546892,-0.06944841485121334,-0.002810380603759821,4.3036315042660425,-0.4339885342897668,0.7563669697537272,-0.7963121893553062,-1.0914596073712626,0.38737714791699995,0.04116558694250481,-0.5314234003771531,-0.10732474650721181,True,safe,0.7871018798295987,0.7871018798295987,2.3128981201704013,True,inside_operational_region,4.634479896820346,1.948326707974126,1.1871018798295987,0.7871018798295987,0.7871018798295987,2.3128981201704013
164659.4892789,2858485,200.0,0.014252537499537296,0.005,vicon_frame_time,1,200.0,False,0.95,7,False,so3_window,1.3425995138082172,0.2501623767285029,True,0.073,256,4.6555683058441915,1.9457378798412206,1.1815260875636606,0.037116419508427256,-0.07524512477298462,-0.0023982192357085985,4.303904082726665,-0.44779719238767085,0.7484986719769718,-0.7756117439852293,-1.1020967020983743,0.3440022406513303,0.04363601556323811,-0.5339765883551137,-0.10806641694375557,True,safe,0.7815260875636606,0.7815260875636606,2.3184739124363394,True,inside_operational_region,4.6555683058441915,1.9457378798412206,1.1815260875636606,0.7815260875636606,0.7815260875636606,2.3184739124363394
164659.4951594,2858486,200.0,0.014248479999411498,0.005,vicon_frame_time,1,200.0,False,0.95,7,False,so3_window,1.3283510607146876,0.15613639707544116,True,0.073,256,4.676684859429105,1.943427953894999,1.1759361295024284,0.032949383535360255,-0.08033912869776261,-0.001123193397467137,4.305401558163161,-0.4513464276961081,0.7394037972915823,-0.7819413853619765,-1.0866251280316317,0.33496190335669,0.0458735412259111,-0.5362890711260668,-0.1087381654092182,True,safe,0.7759361295024284,0.7759361295024284,2.3240638704975716,True,inside_operational_region,4.676684859429105,1.943427953894999,1.1759361295024284,0.7759361295024284,0.7759361295024284,2.3240638704975716
164659.5002185,2858487,200.0,0.014945980000890554,0.005,vicon_frame_time,1,200.0,False,0.95,7,False,so3_window,1.690252779521094,0.3514491950783977,True,0.073,256,4.697821627547223,1.9410876647387432,1.1703303838210646,0.02933645235923965,-0.0877856801886101,0.0009155486448064742,4.309531428829118,-0.46052519555748905,0.7179803905991958,-0.7663415475114848,-1.1515133422763923,0.3545502560572438,0.041548751851893585,-0.5278527737169348,-0.10934658389082066,True,safe,0.7703303838210646,0.7703303838210646,2.3296696161789354,True,inside_operational_region,4.697821627547223,1.9410876647387432,1.1703303838210646,0.7703303838210646,0.7703303838210646,2.3296696161789354
164659.5050451,2858488,200.0,0.01476750999964172,0.005,vicon_frame_time,1,200.0,False,0.95,7,False,so3_window,1.6650215980928311,0.2610097308361458,True,0.073,256,4.718935369167636,1.9386233191865474,1.164481153275701,0.025071776193775985,-0.09486801110734344,0.0023589593393191777,4.313645753678097,-0.4733517130262942,0.7060028279262243,-0.7763856911356516,-1.194283590132346,0.349775412458502,0.03763168777288884,-0.5202118195147157,-0.10989764290738353,True,safe,0.7644811532757009,0.7644811532757009,2.335518846724299,True,inside_operational_region,4.718935369167636,1.9386233191865474,1.164481153275701,0.7644811532757009,0.7644811532757009,2.335518846724299
164659.5096652,2858489,200.0,0.014561410000082492,0.005,vicon_frame_time,1,200.0,False,0.95,7,False,so3_window,1.3538995393934599,0.06842133784565672,True,0.073,256,4.7399666706220405,1.9361928990650137,1.1587158226692957,0.021557514113196508,-0.10060652384747737,0.0035162409342621714,4.313007688931971,-0.48211538188525727,0.6921469236555038,-0.760364759517726,-1.1855727568107728,0.3343197053307139,0.034083910142096135,-0.5132912264762092,-0.11039675009909053,True,safe,0.7587158226692957,0.7587158226692957,2.3412841773307043,True,inside_operational_region,4.7399666706220405,1.9361928990650137,1.1587158226692957,0.7587158226692957,0.7587158226692957,2.3412841773307043
164659.5151228,2858490,200.0,0.014246055001736754,0.005,vicon_frame_time,1,200.0,False,0.95,7,False,so3_window,1.6080478341289015,0.34723668343428654,True,0.073,256,4.7609705768604975,1.933734154655342,1.1526716856112502,0.01845346921461255,-0.10769263455882427,0.006052897003458124,4.313546166404047,-0.49724177834077166,0.68255097463506,-0.7283130234816133,-1.2224530563703226,0.36740671447917095,0.030870603986341047,-0.5070230815904937,-0.11084880329362386,True,safe,0.7526716856112502,0.7526716856112502,2.34732831438875,True,inside_operational_region,4.7609705768604975,1.933734154655342,1.1526716856112502,0.7526716856112502,0.7526716856112502,2.34732831438875
164659.5204059,2858491,200.0,0.014781354999600812,0.005,vicon_frame_time,1,200.0,False,0.95,7,False,so3_window,1.453380569950086,0.09995293435888042,True,0.073,256,4.7820927904613395,1.9314945403072024,1.1466933590410027,0.014350389357001614,-0.11362204968849587,0.007515966263670126,4.319513643851726,-0.49831782161666827,0.6686734351257606,-0.7383112315554106,-1.2155362653190451,0.3578777534265235,0.02796023656054878,-0.5013458744364664,-0.11125823856941879,True,safe,0.7466933590410026,0.7466933590410026,2.3533066409589973,True,inside_operational_region,4.7820927904613395,1.9314945403072024,1.1466933590410027,0.7466933590410026,0.7466933590410026,2.3533066409589973
164659.5250664,2858492,200.0,0.01499135750005036,0.005,vicon_frame_time,1,200.0,False,0.95,7,False,so3_window,1.3159148617423242,0.1350078424367401,True,0.073,256,4.80315425037705,1.9289275572292135,1.1406764087970145,0.010500537573451929,-0.11891743208800953,0.008754961840069964,4.321963102389229,-0.5144781931672184,0.6567656685659644,-0.738796341582993,-1.1889351851803596,0.3414418239901929,0.025324247911305893,-0.4540808224581888,-0.11162907378769067,True,safe,0.7406764087970145,0.7406764087970145,2.3593235912029855,True,inside_operational_region,4.80315425037705,1.9289275572292135,1.1406764087970145,0.7406764087970145,0.7406764087970145,2.3593235912029855
164659.5299767,2858493,200.0,0.014683557499167653,0.005,vicon_frame_time,1,200.0,False,0.95,7,False,so3_window,1.7024249401730525,0.23730886822727432,True,0.073,256,4.824121064018264,1.9264839313194777,1.1341636160936357,0.0076339710446649,-0.12687955053482103,0.010089875770685097,4.324775310191218,-0.5228971759213793,0.6532468682494906,-0.7057589268924312,-1.2557750182332021,0.33110066114763914,0.02293677061295556,-0.41127174638879926,-0.11196494802042199,True,safe,0.7341636160936357,0.7341636160936357,2.3658363839063643,True,inside_operational_region,4.824121064018264,1.9264839313194777,1.1341636160936357,0.7341636160936357,0.7341636160936357,2.3658363839063643
164659.5447753,2858494,200.0,0.0245178625001719,0.005,vicon_frame_time,1,200.0,False,0.95,7,False,so3_window,1.2490718734316522,0.31946078741058187,True,0.073,256,4.84523280541591,1.9241281222238442,1.1278427275989347,0.005181742057554839,-0.13262780378072492,0.010184991177852432,4.332626484297524,-0.5218052027976542,0.6428646088957056,-0.6694612977711666,-1.2380627868230833,0.2802865020023433,0.020774375925946803,-0.3724985531474794,-0.11226915726122323,True,safe,0.7278427275989346,0.7278427275989346,2.3721572724010653,True,inside_operational_region,4.84523280541591,1.9241281222238442,1.1278427275989347,0.7278427275989346,0.7278427275989346,2.3721572724010653
164659.5502972,2858497,200.0,0.014135065001513772,0.015,vicon_frame_time,3,200.0,False,0.95,7,False,so3_window,1.4995473072925618,0.20862632382205748,True,0.073,256,4.908159046255314,1.9166667684157508,1.1081191781082655,-0.003968316453009546,-0.1531778016573604,0.012760894205842366,4.341643278545192,-0.5462968538658616,0.6068812331645012,-0.6361273611837445,-1.2904197521456633,0.23681020514870676,0.032749509608395996,-0.2555038732366495,-0.11302026696262482,True,safe,0.7081191781082655,0.7081191781082655,2.3918808218917347,True,inside_operational_region,4.908159046255314,1.9166667684157508,1.1081191781082655,0.7081191781082655,0.7081191781082655,2.3918808218917347
164659.5553803,2858498,200.0,0.015247465000842545,0.005,vicon_frame_time,1,200.0,False,0.95,7,False,so3_window,1.2012990042913516,0.1930691218208278,True,0.073,256,4.929249652178331,1.9141982810615015,1.1014769154141364,-0.006344390867191851,-0.158699625301308,0.013409040044414677,4.3498255078526284,-0.5511940312789758,0.595219455736476,-0.6059516385478607,-1.259516813839311,0.21773435200048172,0.036013375161460665,-0.22361655441594755,-0.11322498460052229,True,safe,0.7014769154141364,0.7014769154141364,2.3985230845858636,True,inside_operational_region,4.929249652178331,1.9141982810615015,1.1014769154141364,0.7014769154141364,0.7014769154141364,2.3985230845858636
164659.5592291,2858499,200.0,0.014041439999683514,0.005,vicon_frame_time,1,200.0,False,0.95,7,False,so3_window,1.0934997177489052,0.22315712941870605,True,0.073,256,4.950156951676091,1.9117864218662968,1.094528410809287,-0.008568969107914715,-0.16358428634762667,0.014867003639531085,4.35024394862331,-0.5566652342022045,0.5981307249973984,-0.5713131095325757,-1.2127704144650617,0.2281995651673328,0.03896953542984714,-0.19473545517010993,-0.11341040220965823,True,safe,0.694528410809287,0.694528410809287,2.405471589190713,True,inside_operational_region,4.950156951676091,1.9117864218662968,1.094528410809287,0.694528410809287,0.694528410809287,2.405471589190713
164659.5643993,2858500,200.0,0.014279940000388758,0.005,vicon_frame_time,1,200.0,False,0.95,7,False,so3_window,1.329970828577529,0.20369305819493272,True,0.073,256,4.971234655676468,1.9092988884044657,1.0875794181084872,-0.010374826616466049,-0.16995277899262273,0.01586792291563288,4.359697892869963,-0.5637611295432156,0.5878719230290144,-0.5307491411400339,-1.2232276903297445,0.22105496427803134,0.03529563042418329,-0.16857716013320032,-0.11357833932602389,True,safe,0.6875794181084872,0.6875794181084872,2.4124205818915128,True,inside_operational_region,4.971234655676468,1.9092988884044657,1.0875794181084872,0.6875794181084872,0.6875794181084872,2.4124205818915128
164659.570479,2858501,200.0,0.015324149999836669,0.005,vicon_frame_time,1,200.0,False,0.95,7,False,so3_window,1.087167302631134,0.21327060368485867,True,0.073,256,4.992133417041961,1.90689583167668,1.080456259337474,-0.012372650745853253,-0.17489064468398086,0.017347349221574326,4.360268352050178,-0.5687663176034855,0.5886150379532694,-0.5004227822066458,-1.1844920746753491,0.2309207928672497,0.03196808772029591,-0.14488497330147418,-0.11373044394642451,True,safe,0.680456259337474,0.680456259337474,2.419543740662526,True,inside_operational_region,4.992133417041961,1.90689583167668,1.080456259337474,0.680456259337474,0.680456259337474,2.419543740662526
164659.5757729,2858502,200.0,0.015375150000731088,0.005,vicon_frame_time,1,200.0,False,0.95,7,False,so3_window,1.2104457078004933,0.09491553117428513,True,0.073,256,5.0131496331986165,1.9044799829558443,1.0732207566030918,-0.014255906873966051,-0.18056181972283358,0.018695901516080138,4.367794008183157,-0.5742820884020523,0.5849900512568903,-0.4718455905406012,-1.1766878352448362,0.23415711130482506,0.028954253549536416,-0.1234263990298181,-0.11386820870056523,True,safe,0.6732207566030918,0.6732207566030918,2.426779243396908,True,inside_operational_region,5.0131496331986165,1.9044799829558443,1.0732207566030918,0.6732207566030918,0.6732207566030918,2.426779243396908
164659.5805982,2858503,200.0,0.015418172501285948,0.005,vicon_frame_time,1,200.0,False,0.95,7,False,so3_window,1.020988494996872,0.18208963128217723,True,0.073,256,5.034139265817429,1.9020846521165748,1.0659195187041053,-0.016125243478671614,-0.18518020440911354,0.02019865199265336,4.372984721933006,-0.5798018344363116,0.5840879205121688,-0.4464052469695026,-1.1352479001265907,0.24204364578378051,0.02622455262091235,-0.10399086051061456,-0.11399298549849197,True,safe,0.6659195187041053,0.6659195187041053,2.4340804812958945,True,inside_operational_region,5.034139265817429,1.9020846521165748,1.0659195187041053,0.6659195187041053,0.6659195187041053,2.4340804812958945
164659.5856506,2858504,200.0,0.015417572498536241,0.005,vicon_frame_time,1,200.0,False,0.95,7,False,so3_window,0.9049066153447677,0.21142076724285855,True,0.073,256,5.055136475593396,1.8997106230285654,1.0585618186465209,-0.017565730143207947,-0.18922011482532097,0.0219321401689756,4.3778548581485515,-0.5855180711310519,0.5838301291681132,-0.4092649147968727,-1.0816383589909302,0.25620072289406737,0.02375219789349437,-0.08638763334605923,-0.10324614452607653,True,safe,0.6585618186465209,0.6585618186465209,2.441438181353479,True,inside_operational_region,5.055136475593396,1.8997106230285654,1.0585618186465209,0.6585618186465209,0.6585618186465209,2.441438181353479
164659.5905984,2858505,200.0,0.015301705000425778,0.005,vicon_frame_time,1,200.0,False,0.95,7,False,so3_window,0.986045647372701,0.2082954021713548,True,0.073,256,5.076123575093568,1.8972599773085395,1.0510694609548885,-0.019629688418190128,-0.19371072149528468,0.022514517592253203,4.383560503901716,-0.5907000433805607,0.5830183726416007,-0.4061582728471298,-1.0513793590613039,0.22977029504311186,0.021512927710417167,-0.07044397393570823,-0.09351247634127893,True,safe,0.6510694609548885,0.6510694609548885,2.4489305390451115,True,inside_operational_region,5.076123575093568,1.8972599773085395,1.0510694609548885,0.6510694609548885,0.6510694609548885,2.4489305390451115
164659.595578,2858506,200.0,0.01536910499886863,0.005,vicon_frame_time,1,200.0,False,0.95,7,False,so3_window,0.5941503664991289,0.4392735963948896,True,0.073,256,5.097129802311562,1.8947905705332824,1.0435939140419161,-0.02115665227385266,-0.19618358812809245,0.023493083259263692,4.3878191041221,-0.597813369531225,0.5859677835998047,-0.383044189233917,-0.9592095815559275,0.22178835594066854,0.019484767714923572,-0.0560034243127894,-0.08469646272621503,True,safe,0.6435939140419161,0.6435939140419161,2.4564060859580836,True,inside_operational_region,5.097129802311562,1.8947905705332824,1.0435939140419161,0.6435939140419161,0.6435939140419161,2.4564060859580836
164659.6011179,2858507,200.0,0.015875532500664195,0.005,vicon_frame_time,1,200.0,False,0.95,7,False,so3_window,0.6843591126022288,0.3680539775640546,True,0.073,256,5.118152823069666,1.8923261681781969,1.0359752655148875,-0.02309643830512309,-0.19902408261081384,0.024024011216128738,4.3938351727225,-0.6026743740069908,0.5898407529482161,-0.38038845966653695,-0.8943822910341873,0.20007676345423298,0.017647815212091647,-0.04292427679433459,-0.07671159057057887,True,safe,0.6359752655148875,0.6359752655148875,2.4640247344851125,True,inside_operational_region,5.118152823069666,1.8923261681781969,1.0359752655148875,0.6359752655148875,0.6359752655148875,2.4640247344851125
164659.6055385,2858508,200.0,0.015400732499634688,0.005,vicon_frame_time,1,200.0,False,0.95,7,False,so3_window,0.5161287877150628,0.3786746478765917,True,0.073,256,5.139092130590962,1.8899133835807707,1.0282103133202634,-0.024196701578902413,-0.20131123411516372,0.024758476974329202,4.396129130132876,-0.605350858813301,0.5998914495133081,-0.3487964878455596,-0.8220996683418941,0.18891418134529375,0.01598404386014796,-0.04940830104202959,-0.06947950290309725,True,safe,0.6282103133202633,0.6282103133202633,2.4717896866797364,True,inside_operational_region,5.139092130590962,1.8899133835807707,1.0282103133202634,0.6282103133202633,0.6282103133202633,2.4717896866797364
164659.6103097,2858509,200.0,0.015312970000976025,0.005,vicon_frame_time,1,200.0,False,0.95,7,False,so3_window,0.523624641564041,0.14680310398629942,True,0.073,256,5.160091519941687,1.8875970628818006,1.0203810727441085,-0.02553871910504313,-0.2034364287060737,0.02580915574757192,4.401200068462144,-0.6055487476851079,0.6082318149297827,-0.32835732397676354,-0.7567510725556852,0.1899643817668257,0.01447712677476821,-0.05528103524282793,-0.06292922996062798,True,safe,0.6203810727441085,0.6203810727441085,2.4796189272558915,True,inside_operational_region,5.160091519941687,1.8875970628818006,1.0203810727441085,0.6203810727441085,0.6203810727441085,2.4796189272558915
164659.6147634,2858510,200.0,0.01449647000104797,0.005,vicon_frame_time,1,200.0,False,0.95,7,False,so3_window,0.5128633952980227,0.24064924801485998,True,0.073,256,5.181164301729903,1.8851519644572199,1.01256577856865,-0.02765843704514248,-0.20485912050161215,0.02673198408282973,4.407899505152415,-0.6126226130815705,0.6136679117208992,-0.33805254179639294,-0.6788297546818027,0.18715380499282716,0.013112276310456177,-0.06060010958242296,-0.056996492749246,True,safe,0.6125657785686499,0.6125657785686499,2.48743422143135,True,inside_operational_region,5.181164301729903,1.8851519644572199,1.01256577856865,0.6125657785686499,0.6125657785686499,2.48743422143135
164659.6207111,2858511,200.0,0.015418500000144029,0.005,vicon_frame_time,1,200.0,False,0.95,7,False,so3_window,0.46758649296267446,0.1556969147881041,True,0.073,256,5.202177742847112,1.8827809857142745,1.004647519811368,-0.029001373852855394,-0.2064928924496261,0.028039914759245832,4.411560861906758,-0.6171428737084461,0.6208259383234619,-0.3175701529970797,-0.6213349811694133,0.1970810099742939,0.011876098946747187,-0.0654177210837731,-0.05162307226303828,True,safe,0.604647519811368,0.604647519811368,2.495352480188632,True,inside_operational_region,5.202177742847112,1.8827809857142745,1.004647519811368,0.604647519811368,0.604647519811368,2.495352480188632
164659.6255309,2858512,200.0,0.015333000000303052,0.005,vicon_frame_time,1,200.0,False,0.95,7,False,so3_window,0.42896270184197594,0.24346922201831223,True,0.073,256,5.223226806475733,1.8804928095958968,0.9966254952241101,-0.03018730052266294,-0.20762134758688688,0.02969078385620394,4.4165743164819125,-0.6199289886998536,0.6311891559490006,-0.29285864862386457,-0.5569684466381084,0.21695202680665968,0.04251331043569969,-0.020253628619932254,-0.06847594671273702,True,safe,0.5966254952241101,0.5966254952241101,2.50337450477589,True,inside_operational_region,5.223226806475733,1.8804928095958968,0.9966254952241101,0.5966254952241101,0.5966254952241101,2.50337450477589
164659.6304137,2858513,200.0,0.015304472500468222,0.005,vicon_frame_time,1,200.0,False,0.95,7,False,so3_window,0.43993290904689414,0.11246559044897741,True,0.073,256,5.244323782049953,1.878117753381206,0.9885996032957421,-0.03192380834466446,-0.2089528162470864,0.030473182994174675,4.423094687632686,-0.6243853363350862,0.636355893296914,-0.2965396946055354,-0.5092913915504346,0.20491870789273128,0.07026215788830201,0.02065255869957157,-0.08373999391269774,True,safe,0.5885996032957421,0.5885996032957421,2.511400396704258,True,inside_operational_region,5.244323782049953,1.878117753381206,0.9885996032957421,0.5885996032957421,0.5885996032957421,2.511400396704258
164659.6353807,2858514,200.0,0.015274572500168546,0.005,vicon_frame_time,1,200.0,False,0.95,7,False,so3_window,0.37112960747576984,0.27650718560633025,True,0.073,256,5.265330870890285,1.8757161564253888,0.9804291172563245,-0.033315329792487525,-0.20907282859411414,0.03201732874537111,4.424408727655778,-0.6332419305680604,0.6514518496088745,-0.28281977961247934,-0.4300463216401577,0.22096037746870517,0.09539494568217316,0.05770226056965833,-0.09756500267414338,True,safe,0.5804291172563245,0.5804291172563245,2.5195708827436754,True,inside_operational_region,5.265330870890285,1.8757161564253888,0.9804291172563245,0.5804291172563245,0.5804291172563245,2.5195708827436754
164659.6392753,2858515,200.0,0.014084822501000334,0.005,vicon_frame_time,1,200.0,False,0.95,7,False,so3_window,0.3751560507027997,0.43508078904417896,True,0.073,256,5.2864340563263355,1.873461142567845,0.9722560743480047,-0.03430635290801298,-0.20826819944842034,0.03361228500258484,4.42898407065646,-0.6354901769639008,0.6666041819877171,-0.25770242866334675,-0.33332013347718464,0.2370232261781132,0.11815830633600533,0.09125905230731862,-0.11008664026804053,True,safe,0.5722560743480046,0.5722560743480046,2.527743925651995,True,inside_operational_region,5.2864340563263355,1.873461142567845,0.9722560743480047,0.5722560743480046,0.5722560743480046,2.527743925651995
164659.6445853,2858516,200.0,0.014391822499429425,0.005,vicon_frame_time,1,200.0,False,0.95,7,False,so3_window,0.39088136987209876,0.40984946860456284,True,0.073,256,5.307502025208158,1.8711525223177632,0.9640174887738058,-0.03620119444418224,-0.2076566411541494,0.03409479000663307,4.431985835028076,-0.6372885139428403,0.6807337607218756,-0.27459346635426,-0.2579454126983239,0.21396399986030123,0.11972151281006037,0.12165223268089309,-0.11056792948112099,True,safe,0.5640174887738058,0.5640174887738058,2.5359825112261944,True,inside_operational_region,5.307502025208158,1.8711525223177632,0.9640174887738058,0.5640174887738058,0.5640174887738058,2.5359825112261944
164659.650764,2858517,200.0,0.015390912500142493,0.005,vicon_frame_time,1,200.0,False,0.95,7,False,so3_window,0.4525329102114327,0.3568874212807054,True,0.073,256,5.328587313092593,1.8687866364671075,0.9557339386448106,-0.03794733232998526,-0.2061983179032394,0.03472307667223129,4.434528262334589,-0.6427788298038222,0.6976121506521041,-0.28273004382643857,-0.16713271342676742,0.20058655089443558,0.12113734590574256,0.14918005537748083,-0.11100384451076291,True,safe,0.5557339386448106,0.5557339386448106,2.5442660613551893,True,inside_operational_region,5.328587313092593,1.8687866364671075,0.9557339386448106,0.5557339386448106,0.5557339386448106,2.5442660613551893
164659.6552959,2858518,200.0,0.014888112500547921,0.005,vicon_frame_time,1,200.0,False,0.95,7,False,so3_window,0.8055396842613914,0.5549445832094099,True,0.073,256,5.349783696074819,1.8663309227991691,0.9476366023584823,-0.04044261734229426,-0.20302303226924145,0.03481713114792573,4.438230288638203,-0.6504025427301052,0.7098274524881429,-0.3181490578854755,-0.0336298911887144,0.17436910960203392,0.12241969944514995,0.1741126558194414,-0.1113986630687179,True,safe,0.5476366023584823,0.5476366023584823,2.5523633976415177,True,inside_operational_region,5.349783696074819,1.8663309227991691,0.9476366023584823,0.5476366023584823,0.5476366023584823,2.5523633976415177
164659.6596728,2858519,200.0,0.014342472498918036,0.005,vicon_frame_time,1,200.0,False,0.95,7,False,so3_window,0.5638304879535001,0.2377189154885454,True,0.073,256,5.370726216135756,1.8641443291759887,0.9390450672413367,-0.042667308348055766,-0.20123952601802442,0.03513356244561505,4.435193546386532,-0.6461471806365037,0.7402793117186955,-0.3371638915930321,0.030947659557336887,0.1581006442697015,0.11722978807564557,0.1654973025090763,-0.11175625957974829,True,safe,0.5390450672413367,0.5390450672413367,2.5609549327586634,True,inside_operational_region,5.370726216135756,1.8641443291759887,0.9390450672413367,0.5390450672413367,0.5390450672413367,2.5609549327586634
164659.663704,2858520,200.0,0.013647772500569666,0.005,vicon_frame_time,1,200.0,False,0.95,7,False,so3_window,0.642402646811236,0.24420052674365075,True,0.073,256,5.391851578529287,1.861896777172066,0.9307559994000136,-0.04442962477852319,-0.1985731062772258,0.035956749938759636,4.436619783918063,-0.647964828270585,0.7546976183095584,-0.33426473514384697,0.11341907506866833,0.16248777223267613,0.11252916253285317,0.1576941731398842,-0.11208014320204672,True,safe,0.5307559994000136,0.5307559994000136,2.569244000599986,True,inside_operational_region,5.391851578529287,1.861896777172066,0.9307559994000136,0.5307559994000136,0.5307559994000136,2.569244000599986
164659.6701929,2858521,200.0,0.01495791249924493,0.005,vicon_frame_time,1,200.0,False,0.95,7,False,so3_window,0.735150226693489,0.33499881923038916,True,0.073,256,5.413065673644404,1.8596987503397622,0.9224254953823161,-0.04586838194054588,-0.19537079667938295,0.03736331395517567,4.440637601108548,-0.6509142951557771,0.7719376269998688,-0.31733617583844526,0.19907945726756654,0.18615732599573467,0.10827169474190271,0.15062669421489425,-0.11237349226322992,True,safe,0.5224254953823161,0.5224254953823161,2.577574504617684,True,inside_operational_region,5.413065673644404,1.8596987503397622,0.9224254953823161,0.5224254953823161,0.5224254953823161,2.577574504617684
164659.6746134,2858522,200.0,0.014201312500677677,0.005,vicon_frame_time,1,200.0,False,0.95,7,False,so3_window,0.8853141672047696,0.24146827090082867,True,0.073,256,5.434212642615681,1.8574874809469424,0.9140623657731874,-0.048408702219127964,-0.19171401713995717,0.037762470950685856,4.440509871291028,-0.6522718018040878,0.7916402775510893,-0.3465663070790679,0.2870455736098053,0.17391658315230996,0.1044156054137975,0.1442255113058444,-0.11263918544983315,True,safe,0.5140623657731874,0.5140623657731874,2.5859376342268128,True,inside_operational_region,5.434212642615681,1.8574874809469424,0.9140623657731874,0.5140623657731874,0.5140623657731874,2.5859376342268128
164659.6802969,2858523,200.0,0.015123527498799548,0.005,vicon_frame_time,1,200.0,False,0.95,7,False,so3_window,1.0251863437603534,0.28237571323889044,True,0.073,256,5.455396735203195,1.8552885141246307,0.9056661265931284,-0.050818654262666296,-0.18718977582030627,0.03866856908471261,4.440485291748581,-0.6562101519343334,0.8152339609405076,-0.36344971177017577,0.38836066178281925,0.18203632182484264,0.10092305405781711,0.07797461969033147,-0.1020199757853246,True,safe,0.5056661265931284,0.5056661265931284,2.5943338734068715,True,inside_operational_region,5.455396735203195,1.8552885141246307,0.9056661265931284,0.5056661265931284,0.5056661265931284,2.5943338734068715
164659.685683,2858524,200.0,0.015201027501389207,0.005,vicon_frame_time,1,200.0,False,0.95,7,False,so3_window,0.8139107694050466,0.526800037436923,True,0.073,256,5.4766250283719256,1.8531710035849498,0.8973849793855402,-0.05103143119242404,-0.18362858196348286,0.04066622110222218,4.440691673695473,-0.6596128060955531,0.829508566317116,-0.2976888335155504,0.4388572508236934,0.2231036420970074,0.09775976764604867,0.01796961937557815,-0.09240190629639923,True,safe,0.49738497938554016,0.49738497938554016,2.6026150206144596,True,inside_operational_region,5.4766250283719256,1.8531710035849498,0.8973849793855402,0.49738497938554016,0.49738497938554016,2.6026150206144596
164659.6908948,2858525,200.0,0.015217245000418093,0.005,vicon_frame_time,1,200.0,False,0.95,7,False,so3_window,1.15415238027825,0.35406058074213864,True,0.073,256,5.497827352710894,1.850941921032844,0.8890384563163611,-0.05371607033270909,-0.17850366336563983,0.04089797101905468,4.438737074744625,-0.664451586770305,0.8523741575832804,-0.33617244535097046,0.5359174219529289,0.20245001859771178,0.09489470428606554,-0.03637832938365709,-0.08369059315574487,True,safe,0.4890384563163611,0.4890384563163611,2.610961543683639,True,inside_operational_region,5.497827352710894,1.850941921032844,0.8890384563163611,0.4890384563163611,0.4890384563163611,2.610961543683639
164659.6954701,2858526,200.0,0.015350844999080342,0.005,vicon_frame_time,1,200.0,False,0.95,7,False,so3_window,1.1312148577586274,0.28303346995450024,True,0.073,256,5.5190387093719,1.8488377253024586,0.8806778949837807,-0.05631310907722842,-0.1734585892414282,0.04137582839458309,4.436707142101856,-0.6647725218450503,0.8752745216666338,-0.36392405234412356,0.6136537999830304,0.19361389985171845,0.09229974860131336,-0.08560255267909868,-0.07580055069744107,True,safe,0.48067789498378066,0.48067789498378066,2.619322105016219,True,inside_operational_region,5.5190387093719,1.8488377253024586,0.8806778949837807,0.48067789498378066,0.48067789498378066,2.619322105016219
164659.7008012,2858527,200.0,0.015508232499563629,0.005,vicon_frame_time,1,200.0,False,0.95,7,False,so3_window,1.1127501957201276,0.13094060963731088,True,0.073,256,5.540357785889525,1.846642459018656,0.8724842555690003,-0.05845169603635458,-0.1683507797797792,0.042390973419737854,4.436848393456184,-0.6720001104223003,0.8898377648950475,-0.3688013401414647,0.6794488702822846,0.20440034028794235,0.08359806651381893,-0.1301860965727908,-0.07951420680195713,True,safe,0.4724842555690003,0.4724842555690003,2.6275157444309998,True,inside_operational_region,5.540357785889525,1.846642459018656,0.8724842555690003,0.4724842555690003,0.4724842555690003,2.6275157444309998
164659.7062497,2858528,200.0,0.015736332499294688,0.005,vicon_frame_time,1,200.0,False,0.95,7,False,so3_window,1.2472543711324413,0.16090723556727157,True,0.073,256,5.561733330523705,1.844387810466938,0.8644065404534834,-0.06065565039536969,-0.16250605986122935,0.04282216139246042,4.436901331949967,-0.6795615956676705,0.903513611451055,-0.3784329580281943,0.7598459155351055,0.19608047049235683,0.07571674712827388,-0.17056646731405634,-0.08287775301675544,True,safe,0.4644065404534834,0.4644065404534834,2.6355934595465165,True,inside_operational_region,5.561733330523705,1.844387810466938,0.8644065404534834,0.4644065404534834,0.4644065404534834,2.6355934595465165
164659.7101317,2858529,200.0,0.01466815250022673,0.005,vicon_frame_time,1,200.0,False,0.95,7,False,so3_window,1.1380865653036203,0.24535623138894172,True,0.073,256,5.5831134938490115,1.842310157761461,0.8562746802647658,-0.061948208473289856,-0.1570806046565405,0.044175459148763974,4.436367520316526,-0.6819601882787518,0.9209421128257027,-0.3512670837170963,0.8109876503252826,0.21893248538993013,0.06857844965516385,-0.20713992466617043,-0.08592419641934355,True,safe,0.4562746802647658,0.4562746802647658,2.643725319735234,True,inside_operational_region,5.5831134938490115,1.842310157761461,0.8562746802647658,0.4562746802647658,0.4562746802647658,2.643725319735234
164659.7158015,2858530,200.0,0.015623452500213622,0.005,vicon_frame_time,1,200.0,False,0.95,7,False,so3_window,1.1538753612261383,0.2061432393854939,True,0.073,256,5.604378339747822,1.8402649447015396,0.848162693920973,-0.06507190355655723,-0.15221651928927704,0.04433969173360319,4.430694445308673,-0.6806022796291603,0.936072543782784,-0.39600432527220747,0.8372902990356657,0.198131342052415,0.06211312471121286,-0.2402653704739269,-0.08868343230090826,True,safe,0.44816269392097297,0.44816269392097297,2.651837306079027,True,inside_operational_region,5.604378339747822,1.8402649447015396,0.848162693920973,0.44816269392097297,0.44816269392097297,2.651837306079027
164659.7204369,2858531,200.0,0.015293377500596582,0.005,vicon_frame_time,1,200.0,False,0.95,7,False,so3_window,1.1935847263275996,0.2196393105918584,True,0.073,256,5.625817183943347,1.838272342888199,0.8400845012537185,-0.06705874388800526,-0.14669396077984054,0.04575689792040061,4.431252500092009,-0.6830073901682892,0.9530695551401385,-0.3891970764608555,0.8783435642181762,0.2238751771114184,0.05625732691232072,-0.2702678706313036,-0.0911825375341275,True,safe,0.44008450125371845,0.44008450125371845,2.6599154987462814,True,inside_operational_region,5.625817183943347,1.838272342888199,0.8400845012537185,0.44008450125371845,0.44008450125371845,2.6599154987462814
164659.7255415,2858532,200.0,0.01536157749967406,0.005,vicon_frame_time,1,200.0,False,0.95,7,False,so3_window,1.1000564538653923,0.16382268777737918,True,0.073,256,5.647186334062397,1.8362782660539483,0.8320621164299966,-0.06965985070988578,-0.14186461646230564,0.04557892311735667,4.428467936033471,-0.6804836637290228,0.9662051789025824,-0.41188829042029645,0.8929568608629072,0.1916998238334218,0.06365633090491606,-0.2974418450109212,-0.09344603628333994,True,safe,0.4320621164299966,0.4320621164299966,2.667937883570003,True,inside_operational_region,5.647186334062397,1.8362782660539483,0.8320621164299966,0.4320621164299966,0.4320621164299966,2.667937883570003
164659.7309356,2858533,200.0,0.015616065000804778,0.005,vicon_frame_time,1,200.0,False,0.95,7,False,so3_window,1.46006366122242,0.44997181277416354,True,0.073,256,5.668600319845311,1.8343359672745465,0.8242783300902834,-0.07411891427741102,-0.13605476133328498,0.04639282521997323,4.4242309266004884,-0.6826559387216474,0.9730212940037966,-0.4881208621124696,0.9353645039777932,0.20045971504855034,0.07035778391299279,-0.322053956658642,-0.09549614066453341,True,safe,0.4242783300902834,0.4242783300902834,2.6757216699097164,True,inside_operational_region,5.668600319845311,1.8343359672745465,0.8242783300902834,0.4242783300902834,0.4242783300902834,2.6757216699097164
164659.8375601,2858534,200.0,0.1168421649986073,0.005,vicon_frame_time,1,200.0,False,0.95,7,False,so3_window,0.7358792394449006,0.4747419005859307,True,0.073,256,5.690096642085505,1.8325102345585271,0.816383874390248,-0.07608697970014022,-0.133001685754222,0.04729950431018004,4.426822356062224,-0.6789441209800444,0.9775343608127859,-0.4683150639215068,0.8787029733385909,0.20455108891311663,0.07642744848736041,-0.34434572860548807,-0.09735296871679143,True,safe,0.41638387439024793,0.41638387439024793,2.683616125609752,True,inside_operational_region,5.690096642085505,1.8325102345585271,0.816383874390248,0.41638387439024793,0.41638387439024793,2.683616125609752
164659.841337,2858535,200.0,0.11590422750120136,0.005,vicon_frame_time,1,200.0,False,0.95,7,False,so3_window,0.6850464404676517,0.7554100999551943,True,0.073,256,5.7115379953199374,1.8306546188503487,0.8084876117202413,-0.07916560447586285,-0.13180536006705257,0.04870005734383831,4.427178714791338,-0.6813776886064646,0.9749548713946007,-0.48672095908064505,0.7684162419614917,0.21968951444665102,0.08192488732650949,-0.36453591397612084,-0.09903474182419059,True,safe,0.4084876117202413,0.4084876117202413,2.691512388279759,True,inside_operational_region,5.7115379953199374,1.8306546188503487,0.8084876117202413,0.4084876117202413,0.4084876117202413,2.691512388279759
164659.8474351,2858536,200.0,0.11684482750021355,0.005,vicon_frame_time,1,200.0,False,0.95,7,False,so3_window,1.0116680066866548,0.3234922445657629,True,0.073,256,5.733145217278378,1.8287320828617792,0.8008387049199026,-0.08281803239049079,-0.1282786888325833,0.048990644570365394,4.431018205315621,-0.684392535251265,0.9716943416621346,-0.5260939867299745,0.7567397226927524,0.2021574295030848,0.08055267845987209,-0.38282264265217786,-0.08969810925443587,True,safe,0.4008387049199026,0.4008387049199026,2.6991612950800974,True,inside_operational_region,5.733145217278378,1.8287320828617792,0.8008387049199026,0.4008387049199026,0.4008387049199026,2.6991612950800974
164659.8513649,2858538,200.0,0.10966922750045863,0.01,vicon_frame_time,2,200.0,False,0.95,7,False,so3_window,0.4794878419213875,0.6412534261614351,True,0.073,256,5.776028727848187,1.8250502692956219,0.7852152983800269,-0.08749902605597182,-0.1274939159420998,0.05049302672055678,4.428928243107535,-0.68548555244626,0.9640157664102408,-0.5032320964741394,0.5519253470690939,0.1882276829995017,0.07818416496791601,-0.41438661563474444,-0.07358253038844965,True,safe,0.3852152983800269,0.3852152983800269,2.714784701619973,True,inside_operational_region,5.776028727848187,1.8250502692956219,0.7852152983800269,0.3852152983800269,0.3852152983800269,2.714784701619973
164659.8554405,2858541,200.0,0.09926753249972428,0.015,vicon_frame_time,3,200.0,False,0.95,7,False,so3_window,0.5644303737572939,0.6397815046336224,True,0.073,256,5.84089848823655,1.8196785416507635,0.762215492035377,-0.09600308253991807,-0.12793087628670374,0.05098953399523243,4.446116868481428,-0.6812872901037751,0.9328358211086718,-0.5268571951089797,0.32002279778932896,0.1253997197686092,0.09271902655208307,-0.4514255446218367,-0.08427621366316805,True,safe,0.36221549203537695,0.36221549203537695,2.737784507964623,True,inside_operational_region,5.84089848823655,1.8196785416507635,0.762215492035377,0.36221549203537695,0.36221549203537695,2.737784507964623
164659.8594129,2858544,200.0,0.08833170250053421,0.015,vicon_frame_time,3,200.0,False,0.95,7,False,so3_window,0.899266684372182,0.9138375814832381,True,0.073,256,5.905600083371207,1.8147227592478434,0.7386683512772076,-0.10496761832882573,-0.13796940510976707,0.050684221546872354,4.46146768611033,-0.6639995941308815,0.8927321423363999,-0.5560352127134428,-0.07070077995382928,0.04096601064203492,0.08620417959059173,-0.47894536309712077,-0.09222158980120347,True,safe,0.3386683512772076,0.3386683512772076,2.761331648722792,True,inside_operational_region,5.905600083371207,1.8147227592478434,0.7386683512772076,0.3386683512772076,0.3386683512772076,2.761331648722792
164659.8612961,2858547,200.0,0.07593240000074604,0.015,vicon_frame_time,3,200.0,False,0.95,7,False,so3_window,0.7251705911848239,0.8589130247674464,True,0.073,256,5.970541307170558,1.8094099366015288,0.7156646301263535,-0.10799258169834758,-0.14841770358973294,0.05155222486741806,4.478213835655859,-0.6669265626590763,0.8274610943288435,-0.41202254367039964,-0.3200982684492957,0.017914626931666084,0.08136366690090308,-0.49939250964329956,-0.09812498158428627,True,safe,0.3156646301263535,0.3156646301263535,2.7843353698736464,True,inside_operational_region,5.970541307170558,1.8094099366015288,0.7156646301263535,0.3156646301263535,0.3156646301263535,2.7843353698736464
164659.8723273,2858554,200.0,0.05092758249996433,0.035,vicon_frame_time,7,200.0,False,0.95,7,False,so3_window,1.3817398950831117,0.8640504039062242,True,0.073,256,6.12154581369915,1.799602758367688,0.6586223253726716,-0.15200794151026642,-0.16605899070107233,0.04670716080150372,4.505037197312255,-0.621695376115621,0.7980519595987785,-0.9504461783074505,-0.42068029721040645,-0.11795920604012884,0.10805154257743266,-0.5289489351407425,-0.049062490792143136,True,safe,0.2586223253726716,0.2586223253726716,2.8413776746273283,True,inside_operational_region,6.12154581369915,1.799602758367688,0.6586223253726716,0.2586223253726716,0.2586223253726716,2.8413776746273283
164659.875981,2858555,200.0,0.050922382500386734,0.005,vicon_frame_time,1,200.0,False,0.95,7,False,so3_window,1.2655039705044469,0.894576049411591,True,0.073,256,6.143513272256715,1.7980393431370012,0.6502477535013925,-0.15282214006545347,-0.17222743500634108,0.04800339192935388,4.528876519689177,-0.6304149818431903,0.7784743962576809,-0.8118985445785679,-0.5602708409447592,-0.08741811812496503,0.11056757770479628,-0.5317354066340982,-0.04443705893817407,True,safe,0.2502477535013925,0.2502477535013925,2.8497522464986074,True,inside_operational_region,6.143513272256715,1.7980393431370012,0.6502477535013925,0.2502477535013925,0.2502477535013925,2.8497522464986074
164659.8795545,2858563,200.0,0.014553007499263743,0.04,vicon_frame_time,8,200.0,False,0.95,7,False,so3_window,1.250049257638894,0.6645082686843401,True,0.073,256,6.316968550526408,1.7877379578223043,0.5817097169555189,-0.15902214111210755,-0.2215478443910257,0.04367223728078917,4.58872109755541,-0.5587792495188865,0.6306333449353425,-0.3989360939669116,-0.97683431720924,-0.22315703479903223,0.05007183581378615,-0.1502747140276443,0.04290194452604017,True,safe,0.18170971695551885,0.18170971695551885,2.918290283044481,True,inside_operational_region,6.316968550526408,1.7877379578223043,0.5817097169555189,0.18170971695551885,0.18170971695551885,2.918290283044481
164659.9871733,2858564,200.0,0.11676850750022988,0.005,vicon_frame_time,1,200.0,False,0.95,7,False,so3_window,1.838136131029644,1.1248068364377208,True,0.073,256,6.338924982852383,1.7862784433218155,0.5726136986649116,-0.15998789776180233,-0.23067863559680735,0.043428901705449,4.612777335336548,-0.5621674783268299,0.6100283578507837,-0.366455397965946,-1.113275473850931,-0.24211076946245177,0.04535124660968311,-0.12050866486418593,0.04971716067122073,True,safe,0.1726136986649116,0.1726136986649116,2.9273863013350883,True,inside_operational_region,6.338924982852383,1.7862784433218155,0.5726136986649116,0.1726136986649116,0.1726136986649116,2.9273863013350883
164659.9916858,2858565,200.0,0.11626912250021136,0.005,vicon_frame_time,1,200.0,False,0.95,7,False,so3_window,1.2676199064728633,0.7309243724324206,True,0.073,256,6.360392536596754,1.7849952893081813,0.563302450826252,-0.16311898316858553,-0.23496014322668302,0.04060752682114099,4.612173829265322,-0.5506588767205003,0.6223669384801114,-0.4314501760843929,-1.0538660952219145,-0.31503553770320253,0.04107569725825826,-0.09354884974519881,0.0558898632109842,True,safe,0.16330245082625194,0.16330245082625194,2.936697549173748,True,inside_operational_region,6.360392536596754,1.7849952893081813,0.563302450826252,0.16330245082625194,0.16330245082625194,2.936697549173748
164659.9969804,2858566,200.0,0.11641112250098971,0.005,vicon_frame_time,1,200.0,False,0.95,7,False,so3_window,1.8019999849924881,0.6095559660131101,True,0.073,256,6.381903662647824,1.7838787517213206,0.5541752710515822,-0.16282871563430446,-0.24382126876100507,0.038932135265695944,4.615633464381144,-0.5295668448162445,0.6008372286690087,-0.36310501036176757,-1.160880580365946,-0.36399179962656425,0.03720323103294458,-0.06913070720775233,0.061480625973709895,True,safe,0.15417527105158213,0.15417527105158213,2.945824728948418,True,inside_operational_region,6.381903662647824,1.7838787517213206,0.5541752710515822,0.15417527105158213,0.15417527105158213,2.945824728948418
164660.000967,2858568,200.0,0.10928855750052091,0.01,vicon_frame_time,2,200.0,False,0.95,7,False,so3_window,1.5408688046729326,0.382853072291361,True,0.073,256,6.425922661316939,1.7816102606983388,0.5360083199950072,-0.1615670154739326,-0.2591803909274404,0.03843990600153768,4.65858202416591,-0.5061608337761536,0.5425288432195903,-0.2217592683278825,-1.2637509051034594,-0.3435726489478159,0.030519125774044996,-0.026983552022716503,0.07113061247051085,True,safe,0.13600831999500718,0.13600831999500718,2.963991680004993,True,inside_operational_region,6.425922661316939,1.7816102606983388,0.5360083199950072,0.13600831999500718,0.13600831999500718,2.963991680004993
164660.0052833,2858571,200.0,0.09930948750012927,0.015,vicon_frame_time,3,200.0,False,0.95,7,False,so3_window,1.711359459158586,0.1601982247213752,True,0.073,256,6.491749484903092,1.777945290153855,0.5069908959146885,-0.16434406041254856,-0.2845710336625977,0.03651563602411123,4.710665936118556,-0.4914747875275724,0.49315442604992943,-0.22089248056179037,-1.4172371237849122,-0.3646141467824326,0.022675623304841557,-0.02004870210319324,0.05284984195699626,True,safe,0.10699089591468847,0.10699089591468847,2.9930091040853117,True,inside_operational_region,6.491749484903092,1.777945290153855,0.5069908959146885,0.10699089591468847,0.10699089591468847,2.9930091040853117
164660.0092786,2858573,200.0,0.09258558750013204,0.01,vicon_frame_time,2,200.0,False,0.95,7,False,so3_window,2.4486640426062554,0.7585100103166306,True,0.073,256,6.534559938936285,1.7763002839178959,0.4862688895783561,-0.1653267231981519,-0.3090263497967909,0.0359967424471237,4.714182317102838,-0.45272613146295915,0.4715955057249195,-0.1890526538121086,-1.7096943399265287,-0.38998472797416195,0.01860161551647229,-0.016446659177314107,0.04335459391673993,True,safe,0.0654400610637147,0.0862688895783561,3.0137311104216438,True,inside_operational_region,6.534559938936285,1.7763002839178959,0.4862688895783561,0.0654400610637147,0.0862688895783561,3.0137311104216438
164665.9207772,2859771,200.0,0.015530857498636497,5.99,vicon_frame_time,1198,200.0,False,0.5,7,True,so3_window_spike_downweighted,0.12594123905607646,1.7851119629966143,True,0.073,256,6.830073855468953,1.329181185334275,1.0509130170969385,0.08749358948051622,0.06144710129710562,0.6172388324807949,0.0028225323130241058,-0.09732035982934718,-0.08609432010777689,-0.11343733802076304,-1.6502365035534339,-0.39655614122977384,0.06736970912698112,0.41364303272265607,0.23038346126325152,False,outside_true_safe_bounds,-0.23007385546895343,0.6509130170969385,2.4490869829030615,False,exit_gate_front_wall,6.830073855468953,1.329181185334275,1.0509130170969385,-0.23007385546895343,0.6509130170969385,2.4490869829030615
